,flag,epoch,sbx,sby,sbz,sbvx,sbvy,sbvz,vy_1,vz_1,vy_2,vz_2,vy_3,vz_3,vy_4,vz_4
0,1.0,2456200.0,36.2455425716462,19.48558000231332,0.7576881695194894,-0.4552162843210671,0.9035024695168224,0.03431546583708073,6.091523913106581,-0.1053433553819291,7.251330512596095,0.17192783382330531,6.185594617533342,-0.00022388165852753404,-2.5991959167425347,0.041739879870071606
1,1.0,2456740.0,30.58449426137356,21.35545971928337,2.176089544703581,-0.44542429567986136,0.9540558217097365,0.082149541766835,6.091523913106581,-0.1053433553819291,7.251330512596095,0.17192783382330531,6.185594617533342,-0.00022388165852753404,-2.5991959167425347,0.041739879870071606
2,1.0,2457090.0,-40.2535818027472,-15.39907441794603,0.17353439899565856,0.2894388778482019,-0.922046481646651,0.008913537448369287,6.091523913106581,-0.1053433553819291,7.251330512596095,0.17192783382330531,6.185594617533342,-0.00022388165852753404,-2.5991959167425347,0.041739879870071606
3,1.0,2450940.0,-15.851317997921008,-31.542031789885577,-1.0730117129757293,1.057383730608042,-0.3339657947188681,-0.2667976504887538,6.091523913106581,-0.1053433553819291,7.251330512596095,0.17192783382330531,6.185594617533342,-0.00022388165852753404,-2.5991959167425347,0.041739879870071606
4,1.0,2457660.0,8.976703765701686,-34.344051246831796,1.5199348080384831,1.0848443214058834,0.20386320491255905,-0.052808253787729825,6.091523913106581,-0.1053433553819291,7.251330512596095,0.17192783382330531,6.185594617533342,-0.00022388165852753404,-2.5991959167425347,0.041739879870071606
5,1.0,2457020.0,-33.570056804667445,9.583237068036503,2.3907021270210453,-0.3564281733661038,-1.0198052449627582,0.10358608101738333,6.091523913106581,-0.1053433553819291,7.251330512596095,0.17192783382330531,6.185594617533342,-0.00022388165852753404,-2.5991959167425347,0.041739879870071606
6,1.0,2452030.0,-32.60633574100185,26.776637096479558,3.403033753447231,-0.7294426344041919,-0.6233323355431247,0.33207651021071777,6.091523913106581,-0.1053433553819291,7.251330512596095,0.17192783382330531,6.185594617533342,-0.00022388165852753404,-2.5991959167425347,0.041739879870071606
7,1.0,2457700.0,-21.92601550812959,-36.16337697687979,-1.5124201864674476,0.8582024003326435,-0.4856753786083111,-0.05281055016552531,6.091523913106581,-0.1053433553819291,7.251330512596095,0.17192783382330531,6.185594617533342,-0.00022388165852753404,-2.5991959167425347,0.041739879870071606
8,1.0,2451430.0,16.474920838785945,40.23692760545519,-0.09152959671758282,-0.8867138824726399,0.33539079893926826,0.02454064646567863,6.091523913106581,-0.1053433553819291,7.251330512596095,0.17192783382330531,6.185594617533342,-0.00022388165852753404,-2.5991959167425347,0.041739879870071606
9,1.0,2457270.0,15.845689523374698,24.813029359975413,1.6159122290607533,-1.0647052468482865,0.7345915658226156,0.08298700314907513,6.091523913106581,-0.1053433553819291,7.251330512596095,0.17192783382330531,6.185594617533342,-0.00022388165852753404,-2.5991959167425347,0.041739879870071606
10,1.0,2457230.0,44.33247869810974,13.560777149215138,8.929284026148515,-0.23454937104359413,0.7485686870466538,0.3781928492684875,6.091523913106581,-0.1053433553819291,7.251330512596095,0.17192783382330531,6.185594617533342,-0.00022388165852753404,-2.5991959167425347,0.041739879870071606
11,1.0,2455720.0,11.791628152157003,39.78776128400572,3.530154828290366,-0.9762633414126429,0.21855738120758283,0.1889503189592609,6.091523913106581,-0.1053433553819291,7.251330512596095,0.17192783382330531,6.185594617533342,-0.00022388165852753404,-2.5991959167425347,0.041739879870071606
12,1.0,2457230.0,-20.00313604230006,38.65717345614627,4.613574954537132,-0.8120015354218637,-0.3997969786287165,0.26432062246963706,6.091523913106581,-0.1053433553819291,7.251330512596095,0.17192783382330531,6.185594617533342,-0.00022388165852753404,-2.5991959167425347,0.041739879870071606
13,1.0,2452780.0,32.52350745631993,13.82635959638731,-3.252011177576449,-0.3314185349573756,0.9900870294434468,-0.3651650359286825,6.091523913106581,-0.1053433553819291,7.251330512596095,0.17192783382330531,6.185594617533342,-0.00022388165852753404,-2.5991959167425347,0.041739879870071606
14,1.0,2456980.0,24.29851184679146,28.18714233871989,8.976928124739235,-0.8409228284658665,0.5062360673364791,0.39592103391872874,6.091523913106581,-0.1053433553819291,7.251330512596095,0.17192783382330531,6.185594617533342,-0.00022388165852753404,-2.5991959167425347,0.041739879870071606
15,1.0,2457130.0,26.7058727079782,15.732256889856178,6.365694995083957,-0.7661380445459444,0.9260681775032118,0.21704615285833279,6.091523913106581,-0.1053433553819291,7.251330512596095,0.17192783382330531,6.185594617533342,-0.00022388165852753404,-2.5991959167425347,0.041739879870071606
16,1.0,2452000.0,-24.760054574151198,-34.031171502567396,-0.10845213831137701,0.7673673838249511,-0.6076883752388249,-0.04096487688736635,6.091523913106581,-0.1053433553819291,7.251330512596095,0.17192783382330531,6.185594617533342,-0.00022388165852753404,-2.5991959167425347,0.041739879870071606
17,1.0,2455090.0,-10.744953968445023,-40.10822522350126,-1.024380194014853,0.9017839301429552,0.0033132024306229257,-0.3035531588983921,6.091523913106581,-0.1053433553819291,7.251330512596095,0.17192783382330531,6.185594617533342,-0.00022388165852753404,-2.5991959167425347,0.041739879870071606
18,1.0,2456540.0,26.570236210161237,12.772345618213294,1.7196234782169435,-0.4875566368860371,1.1985636347275308,0.08389225347698079,6.091523913106581,-0.1053433553819291,7.251330512596095,0.17192783382330531,6.185594617533342,-0.00022388165852753404,-2.5991959167425347,0.041739879870071606
19,1.0,2457410.0,-31.419791229014645,31.249862174717478,0.6473702683117022,-0.6378994037173987,-0.6860423407226922,-0.019863107011229647,6.091523913106581,-0.1053433553819291,7.251330512596095,0.17192783382330531,6.185594617533342,-0.00022388165852753404,-2.5991959167425347,0.041739879870071606
20,1.0,2457560.0,-4.446618304854,29.051750728666832,-0.7622255025852733,-1.2845979486483818,-0.16782660605141242,0.059151973425287115,6.091523913106581,-0.1053433553819291,7.251330512596095,0.17192783382330531,6.185594617533342,-0.00022388165852753404,-2.5991959167425347,0.041739879870071606
21,1.0,2457440.0,35.466455955362484,12.11578468442832,-0.35523690961631793,-0.3737013681748726,0.9564551637669474,-0.08181160742467736,6.091523913106581,-0.1053433553819291,7.251330512596095,0.17192783382330531,6.185594617533342,-0.00022388165852753404,-2.5991959167425347,0.041739879870071606
22,1.0,2457370.0,-36.7320166969786,-17.591163644662142,-2.476625978677906,0.28483008255988873,-0.8958718348847481,-0.2103024572975441,6.091523913106581,-0.1053433553819291,7.251330512596095,0.17192783382330531,6.185594617533342,-0.00022388165852753404,-2.5991959167425347,0.041739879870071606
23,1.0,2457720.0,-13.220329392332438,-24.247089521778076,7.273112467932716,1.1655760012788867,-0.6323684445492576,0.1116180324172609,6.091523913106581,-0.1053433553819291,7.251330512596095,0.17192783382330531,6.185594617533342,-0.00022388165852753404,-2.5991959167425347,0.041739879870071606
24,1.0,2457550.0,43.073351730072524,29.869346736150945,0.6877105150311845,-0.26981486906484903,0.8149309207471828,0.0026725143004347686,6.091523913106581,-0.1053433553819291,7.251330512596095,0.17192783382330531,6.185594617533342,-0.00022388165852753404,-2.5991959167425347,0.041739879870071606
25,1.0,2452670.0,27.014044830074823,-33.8285811705169,0.6267240932196598,0.7523941282623806,0.5861720901771941,-0.013819172589725303,6.091523913106581,-0.1053433553819291,7.251330512596095,0.17192783382330531,6.185594617533342,-0.00022388165852753404,-2.5991959167425347,0.041739879870071606
26,1.0,2457500.0,24.941368230587848,17.201851859913578,-3.976619913358934,-0.6962433802206515,1.0423862793711993,0.08309485961847096,6.091523913106581,-0.1053433553819291,7.251330512596095,0.17192783382330531,6.185594617533342,-0.00022388165852753404,-2.5991959167425347,0.041739879870071606
27,1.0,2456600.0,-17.76288624654504,-22.020424148150898,-2.2853269514976255,0.9991676084667491,-0.8518619281661401,-0.23013925111314487,6.091523913106581,-0.1053433553819291,7.251330512596095,0.17192783382330531,6.185594617533342,-0.00022388165852753404,-2.5991959167425347,0.041739879870071606
28,1.0,2457610.0,28.69266598619104,34.87035014609218,0.09679543291596138,-0.6335119699256171,0.7694919375840713,-0.003228368201104144,6.091523913106581,-0.1053433553819291,7.251330512596095,0.17192783382330531,6.185594617533342,-0.00022388165852753404,-2.5991959167425347,0.041739879870071606
29,1.0,2456970.0,36.443048122937206,-17.612557094050977,-6.2605212748060906,0.27604776487127464,0.9048354312243833,-0.3382550849901897,6.091523913106581,-0.1053433553819291,7.251330512596095,0.17192783382330531,6.185594617533342,-0.00022388165852753404,-2.5991959167425347,0.041739879870071606
30,0.0,0.0,0.0,0.0,0.0,0.0,0.0,0.0,6.091523913106581,-0.1053433553819291,7.251330512596095,0.17192783382330531,6.185594617533342,-0.00022388165852753404,-2.5991959167425347,0.041739879870071606
31,1.0,2451970.0,-20.291658299021627,-38.3357172780625,0.013267281346684104,0.8737256013012521,-0.4028790087706022,-0.009128906262745186,6.091523913106581,-0.1053433553819291,7.251330512596095,0.17192783382330531,6.185594617533342,-0.00022388165852753404,-2.5991959167425347,0.041739879870071606
32,1.0,2457370.0,-30.162987945937722,-30.50414814488134,0.029190204293446348,0.7285100174985011,-0.6464361047825237,-0.006231604812323898,6.091523913106581,-0.1053433553819291,7.251330512596095,0.17192783382330531,6.185594617533342,-0.00022388165852753404,-2.5991959167425347,0.041739879870071606
33,1.0,2457610.0,-37.844865390329026,23.378806748684184,-10.325939926964889,-0.29874429200511543,-0.8486099969033799,-0.29728948903861546,6.091523913106581,-0.1053433553819291,7.251330512596095,0.17192783382330531,6.185594617533342,-0.00022388165852753404,-2.5991959167425347,0.041739879870071606
34,1.0,2458350.0,32.69882460300448,20.938401592082062,17.454570286986186,-0.4731886723917835,0.8233133693931751,0.19185424399093357,6.091523913106581,-0.1053433553819291,7.251330512596095,0.17192783382330531,6.185594617533342,-0.00022388165852753404,-2.5991959167425347,0.041739879870071606
35,1.0,2457650.0,30.374104143553254,26.864008062113363,-4.150185662255766,-0.7511070283144528,0.594604588034451,-0.3020495773456392,6.091523913106581,-0.1053433553819291,7.251330512596095,0.17192783382330531,6.185594617533342,-0.00022388165852753404,-2.5991959167425347,0.041739879870071606
36,1.0,2456740.0,5.174226007493303,27.702375986398057,-7.1207341532741175,-1.2440138897772945,0.34977342698082137,-0.2199410584346463,6.091523913106581,-0.1053433553819291,7.251330512596095,0.17192783382330531,6.185594617533342,-0.00022388165852753404,-2.5991959167425347,0.041739879870071606
37,1.0,2456690.0,-42.72819166082385,1.2417252083555415,1.550621417753772,-0.1352393232340024,-0.9782047430350597,0.03847337867914705,6.091523913106581,-0.1053433553819291,7.251330512596095,0.17192783382330531,6.185594617533342,-0.00022388165852753404,-2.5991959167425347,0.041739879870071606
38,1.0,2457500.0,-42.71199763813375,-1.3573139089714665,-0.5772646905013794,0.10787920412869685,-0.9753033034383282,-0.013766900808524617,6.091523913106581,-0.1053433553819291,7.251330512596095,0.17192783382330531,6.185594617533342,-0.00022388165852753404,-2.5991959167425347,0.041739879870071606
39,1.0,2457500.0,-32.20200940821297,-17.578687048873242,5.245698218493668,0.6965889403480295,-0.8095453595237273,0.3057092309296766,6.091523913106581,-0.1053433553819291,7.251330512596095,0.17192783382330531,6.185594617533342,-0.00022388165852753404,-2.5991959167425347,0.041739879870071606
40,1.0,2457210.0,41.495188446645706,-19.56275434164236,-0.7415671924352855,0.4400291812815688,0.8024256380600536,-0.04075629119001462,6.091523913106581,-0.1053433553819291,7.251330512596095,0.17192783382330531,6.185594617533342,-0.00022388165852753404,-2.5991959167425347,0.041739879870071606
41,1.0,2457270.0,41.02408791718145,-8.579960098650083,-0.4093176129487611,0.275913667173161,0.9493139843493947,-0.0018371045944799223,6.091523913106581,-0.1053433553819291,7.251330512596095,0.17192783382330531,6.185594617533342,-0.00022388165852753404,-2.5991959167425347,0.041739879870071606
42,1.0,2453350.0,14.907782594739565,28.3989892483241,-1.1512219252501503,-0.9634858275816499,0.6670315589638219,-0.29093717418049236,6.091523913106581,-0.1053433553819291,7.251330512596095,0.17192783382330531,6.185594617533342,-0.00022388165852753404,-2.5991959167425347,0.041739879870071606
43,1.0,2457310.0,13.15218653104937,40.245315000261805,-0.6978955214193727,-0.9140261023815588,0.3180949533889986,0.007299785220976015,6.091523913106581,-0.1053433553819291,7.251330512596095,0.17192783382330531,6.185594617533342,-0.00022388165852753404,-2.5991959167425347,0.041739879870071606
44,1.0,2456410.0,7.1823069118564415,33.79888080267901,-1.417303360843111,-1.0574692370603584,0.38651154093361056,-0.1263468442315855,6.091523913106581,-0.1053433553819291,7.251330512596095,0.17192783382330531,6.185594617533342,-0.00022388165852753404,-2.5991959167425347,0.041739879870071606
45,1.0,2457140.0,30.302500363966555,-19.550844317554827,-8.157405264303936,0.4817123774364717,0.7502437576826193,-0.561143116597508,6.091523913106581,-0.1053433553819291,7.251330512596095,0.17192783382330531,6.185594617533342,-0.00022388165852753404,-2.5991959167425347,0.041739879870071606
46,1.0,2457380.0,-32.21885793467585,29.188279711457703,-0.3966886319585313,-0.6381038374450658,-0.7160972496031444,-0.03642236616861974,6.091523913106581,-0.1053433553819291,7.251330512596095,0.17192783382330531,6.185594617533342,-0.00022388165852753404,-2.5991959167425347,0.041739879870071606
47,1.0,2457420.0,-32.62255086758099,-6.349471895722408,-1.104260301094382,0.1388144504602937,-1.1083597344179024,-0.05193804531556166,6.091523913106581,-0.1053433553819291,7.251330512596095,0.17192783382330531,6.185594617533342,-0.00022388165852753404,-2.5991959167425347,0.041739879870071606
48,1.0,2457110.0,-38.789199219288086,23.640381349372632,2.2417753177677593,-0.6921290341267028,-0.6641987745690165,-0.2983983809403746,6.091523913106581,-0.1053433553819291,7.251330512596095,0.17192783382330531,6.185594617533342,-0.00022388165852753404,-2.5991959167425347,0.041739879870071606
49,1.0,2457490.0,-40.150772511766604,1.85694564707544,-2.660726947074558,-0.09470384291207459,-1.0384127190334518,-0.1692510919850774,6.091523913106581,-0.1053433553819291,7.251330512596095,0.17192783382330531,6.185594617533342,-0.00022388165852753404,-2.5991959167425347,0.041739879870071606
50,1.0,2457250.0,-38.67400837695367,17.87251908857806,2.635968503850253,-0.4589109411935441,-0.841781218950259,-0.017002834047932402,6.091523913106581,-0.1053433553819291,7.251330512596095,0.17192783382330531,6.185594617533342,-0.00022388165852753404,-2.5991959167425347,0.041739879870071606
51,1.0,2457400.0,-32.77022172944886,31.17465941926455,2.679627782185274,-0.7881500590545351,-0.5671085663174722,0.34906411513956564,6.091523913106581,-0.1053433553819291,7.251330512596095,0.17192783382330531,6.185594617533342,-0.00022388165852753404,-2.5991959167425347,0.041739879870071606
52,1.0,2457620.0,-37.92425787630873,-2.9002190820714615,1.9779927435617077,0.14144458569218737,-1.0152085443018086,0.07656462585080037,6.091523913106581,-0.1053433553819291,7.251330512596095,0.17192783382330531,6.185594617533342,-0.00022388165852753404,-2.5991959167425347,0.041739879870071606
53,1.0,2458270.0,30.9622698167435,30.135674852403767,10.549759467916683,-0.8401988595584514,0.3600807492849862,0.4707730639418118,6.091523913106581,-0.1053433553819291,7.251330512596095,0.17192783382330531,6.185594617533342,-0.00022388165852753404,-2.5991959167425347,0.041739879870071606
54,1.0,2457450.0,22.687757467517613,31.438193867922926,4.997888994761088,-0.6328306230097175,0.7488089899708892,0.23441079240929014,6.091523913106581,-0.1053433553819291,7.251330512596095,0.17192783382330531,6.185594617533342,-0.00022388165852753404,-2.5991959167425347,0.041739879870071606
55,1.0,2456210.0,11.87072060500828,33.7187542913562,7.448698491360564,-0.988878133369947,0.40436191597773663,-0.1615277152612024,6.091523913106581,-0.1053433553819291,7.251330512596095,0.17192783382330531,6.185594617533342,-0.00022388165852753404,-2.5991959167425347,0.041739879870071606
56,1.0,2456980.0,-12.907902625252751,-39.537486264272815,-0.30245514526229,0.9688776660169234,-0.24621416348192193,-0.02485131741976127,6.091523913106581,-0.1053433553819291,7.251330512596095,0.17192783382330531,6.185594617533342,-0.00022388165852753404,-2.5991959167425347,0.041739879870071606
57,1.0,2457520.0,35.997819613295746,-25.129087473669195,-0.6238427304734263,0.5171251683244815,0.7877440749217643,-0.013916025936126113,6.091523913106581,-0.1053433553819291,7.251330512596095,0.17192783382330531,6.185594617533342,-0.00022388165852753404,-2.5991959167425347,0.041739879870071606
58,1.0,2457100.0,32.840540926779376,-23.97318927779486,6.869707426733544,0.6185714473291799,0.6844102079582439,0.3998972831415414,6.091523913106581,-0.1053433553819291,7.251330512596095,0.17192783382330531,6.185594617533342,-0.00022388165852753404,-2.5991959167425347,0.041739879870071606
59,1.0,2457290.0,34.22912780428457,-4.120505575261266,6.276580306237495,-0.025339066592809694,1.1119692691893528,0.3737016063469543,6.091523913106581,-0.1053433553819291,7.251330512596095,0.17192783382330531,6.185594617533342,-0.00022388165852753404,-2.5991959167425347,0.041739879870071606
60,1.0,2452720.0,-21.208743023263377,-37.38621388926394,0.2966687701869332,0.8195217028060628,-0.495497439828273,-0.004804935500356263,6.091523913106581,-0.1053433553819291,7.251330512596095,0.17192783382330531,6.185594617533342,-0.00022388165852753404,-2.5991959167425347,0.041739879870071606
61,1.0,2452710.0,-14.293020727873474,-39.71683162933441,0.40085001415510846,0.915621523619665,-0.31540325827511206,-0.03066343059270731,6.091523913106581,-0.1053433553819291,7.251330512596095,0.17192783382330531,6.185594617533342,-0.00022388165852753404,-2.5991959167425347,0.041739879870071606
62,1.0,2457240.0,42.50986379363311,-15.127334010576805,1.1859606614047404,0.3172460183380562,0.8642894937035005,0.03402179231368208,6.091523913106581,-0.1053433553819291,7.251330512596095,0.17192783382330531,6.185594617533342,-0.00022388165852753404,-2.5991959167425347,0.041739879870071606
63,1.0,2457420.0,-41.71236083739522,17.853978033812734,-15.810975208960253,-0.2928566119731731,-0.7393377943476647,-0.1029391972296575,6.091523913106581,-0.1053433553819291,7.251330512596095,0.17192783382330531,6.185594617533342,-0.00022388165852753404,-2.5991959167425347,0.041739879870071606
64,1.0,2457400.0,-27.061462835770758,-27.92960139167458,-6.558742811641743,0.6206174373922048,-0.7530583733553435,0.337042870204932,6.091523913106581,-0.1053433553819291,7.251330512596095,0.17192783382330531,6.185594617533342,-0.00022388165852753404,-2.5991959167425347,0.041739879870071606
65,1.0,2451360.0,-18.452727190223314,-24.1257497308543,-0.12918805785482848,0.9939119277963234,-0.765447766392716,-0.13076539738114937,6.091523913106581,-0.1053433553819291,7.251330512596095,0.17192783382330531,6.185594617533342,-0.00022388165852753404,-2.5991959167425347,0.041739879870071606
66,1.0,2452590.0,19.934820579997165,29.51360234541462,-1.398617749162094,-0.8414857319474355,0.6825367102562417,-0.20105787741572792,6.091523913106581,-0.1053433553819291,7.251330512596095,0.17192783382330531,6.185594617533342,-0.00022388165852753404,-2.5991959167425347,0.041739879870071606
67,1.0,2456580.0,18.79304176621858,28.840776379398562,6.498338586418816,-0.9139701139627776,0.6166768063443205,0.20316053063220518,6.091523913106581,-0.1053433553819291,7.251330512596095,0.17192783382330531,6.185594617533342,-0.00022388165852753404,-2.5991959167425347,0.041739879870071606
68,1.0,2457000.0,-26.88919668537038,-29.776693233151544,2.280166283060756,0.8118509571804252,-0.6318655951166761,-0.07386247456241876,6.091523913106581,-0.1053433553819291,7.251330512596095,0.17192783382330531,6.185594617533342,-0.00022388165852753404,-2.5991959167425347,0.041739879870071606
69,1.0,2457700.0,25.894276238352226,-24.67444307377004,3.68927774776549,0.6249524249528515,0.9327223425012459,0.1675029607655028,6.091523913106581,-0.1053433553819291,7.251330512596095,0.17192783382330531,6.185594617533342,-0.00022388165852753404,-2.5991959167425347,0.041739879870071606
70,1.0,2452730.0,-18.715995289602663,-38.18791840182448,-1.4032361218382494,0.8998599922152035,-0.3584013129629726,-0.10706732707865153,6.091523913106581,-0.1053433553819291,7.251330512596095,0.17192783382330531,6.185594617533342,-0.00022388165852753404,-2.5991959167425347,0.041739879870071606
71,1.0,2453040.0,-18.29744307479602,-39.560282432766066,-2.097543700511632,0.9178747454765471,-0.22370919610510104,-0.09946302972763034,6.091523913106581,-0.1053433553819291,7.251330512596095,0.17192783382330531,6.185594617533342,-0.00022388165852753404,-2.5991959167425347,0.041739879870071606
72,1.0,2455560.0,-11.694434805003024,-32.73646200412875,-0.604848395440707,1.1142547517302515,-0.13910059840611053,-0.03679168144735272,6.091523913106581,-0.1053433553819291,7.251330512596095,0.17192783382330531,6.185594617533342,-0.00022388165852753404,-2.5991959167425347,0.041739879870071606
73,1.0,2452680.0,-16.6514944178755,-31.909811383547247,-1.3524785767095537,1.0009618353594236,-0.5308229567394109,-0.050150162352863695,6.091523913106581,-0.1053433553819291,7.251330512596095,0.17192783382330531,6.185594617533342,-0.00022388165852753404,-2.5991959167425347,0.041739879870071606
74,1.0,2457180.0,18.915871455894468,22.497238545550953,0.44252732798575534,-1.093540250733359,0.6984531454340895,0.07781544078651427,6.091523913106581,-0.1053433553819291,7.251330512596095,0.17192783382330531,6.185594617533342,-0.00022388165852753404,-2.5991959167425347,0.041739879870071606
75,1.0,2456750.0,-11.876775585027245,-37.410052462476024,-0.15582950381657035,0.960763251068135,-0.2618600129165951,0.005996715290735892,6.091523913106581,-0.1053433553819291,7.251330512596095,0.17192783382330531,6.185594617533342,-0.00022388165852753404,-2.5991959167425347,0.041739879870071606
76,1.0,2457380.0,44.03070470571714,2.5297105635196324,-3.0508774248872914,0.10790416043105196,0.929665127648394,-0.025089165833295707,6.091523913106581,-0.1053433553819291,7.251330512596095,0.17192783382330531,6.185594617533342,-0.00022388165852753404,-2.5991959167425347,0.041739879870071606
77,1.0,2456330.0,7.400646748488919,40.91360065408316,-3.3580574813306527,-1.023282484021236,-0.044548283523102104,0.15786872844770916,6.091523913106581,-0.1053433553819291,7.251330512596095,0.17192783382330531,6.185594617533342,-0.00022388165852753404,-2.5991959167425347,0.041739879870071606
78,1.0,2457390.0,-36.03642394698997,-15.594016611705614,-5.438569213846489,0.2883356499443187,-1.0398219532844772,-0.1865678373388605,6.091523913106581,-0.1053433553819291,7.251330512596095,0.17192783382330531,6.185594617533342,-0.00022388165852753404,-2.5991959167425347,0.041739879870071606
79,1.0,2457810.0,38.23170899513499,-15.46154062784698,8.94745288004908,0.5043145977979054,0.7502140241334828,-0.37212942910827185,6.091523913106581,-0.1053433553819291,7.251330512596095,0.17192783382330531,6.185594617533342,-0.00022388165852753404,-2.5991959167425347,0.041739879870071606
80,1.0,2457790.0,40.94332409569969,0.097119660266614,17.898214827900773,0.04514727735966784,0.902334393697725,0.08958451174065424,6.091523913106581,-0.1053433553819291,7.251330512596095,0.17192783382330531,6.185594617533342,-0.00022388165852753404,-2.5991959167425347,0.041739879870071606
81,1.0,2458170.0,26.844356427253498,23.192955385312583,-16.189509708760152,-0.7190513186860263,0.6968875382914564,-0.03716191269855793,6.091523913106581,-0.1053433553819291,7.251330512596095,0.17192783382330531,6.185594617533342,-0.00022388165852753404,-2.5991959167425347,0.041739879870071606
82,1.0,2456730.0,6.186324902438953,42.27230009727991,-1.4251350010555104,-0.9742502657965268,0.11590669954046054,-0.007251853808153303,6.091523913106581,-0.1053433553819291,7.251330512596095,0.17192783382330531,6.185594617533342,-0.00022388165852753404,-2.5991959167425347,0.041739879870071606
83,1.0,2457340.0,-24.076356848735806,27.821356500238473,2.7005674893532556,-0.8489795506984757,-0.6727500252032763,0.19965202421213213,6.091523913106581,-0.1053433553819291,7.251330512596095,0.17192783382330531,6.185594617533342,-0.00022388165852753404,-2.5991959167425347,0.041739879870071606
84,1.0,2457630.0,-10.397336706912881,26.367353601111272,1.39082140292546,-1.2768837571660718,-0.3733141629521728,-0.11644813633743979,6.091523913106581,-0.1053433553819291,7.251330512596095,0.17192783382330531,6.185594617533342,-0.00022388165852753404,-2.5991959167425347,0.041739879870071606
85,1.0,2457500.0,-37.63368352024917,-5.627600907848496,-0.48016423462279184,0.18744472546226854,-1.0988054944914354,0.008449356397110487,6.091523913106581,-0.1053433553819291,7.251330512596095,0.17192783382330531,6.185594617533342,-0.00022388165852753404,-2.5991959167425347,0.041739879870071606
86,1.0,2457150.0,-33.465318379515466,-3.377750304470931,1.330568903471176,0.024239700984093986,-1.1052852631789187,-0.010125130903998948,6.091523913106581,-0.1053433553819291,7.251330512596095,0.17192783382330531,6.185594617533342,-0.00022388165852753404,-2.5991959167425347,0.041739879870071606
87,1.0,2457560.0,-22.94595914897539,-17.51779642259006,0.5327156248241754,0.7564121246942783,-1.0796930712121784,0.02458243018510964,6.091523913106581,-0.1053433553819291,7.251330512596095,0.17192783382330531,6.185594617533342,-0.00022388165852753404,-2.5991959167425347,0.041739879870071606
88,1.0,2457880.0,-34.711027932078686,-23.889708175096207,1.8293231045161185,0.5565961851961245,-0.8146478460833139,-0.03728660048235366,6.091523913106581,-0.1053433553819291,7.251330512596095,0.17192783382330531,6.185594617533342,-0.00022388165852753404,-2.5991959167425347,0.041739879870071606
89,1.0,2452570.0,-22.952793481686342,-25.526564038989413,-0.5405780970547909,0.7893365097842475,-0.7814952647463878,-0.4823370440745017,6.091523913106581,-0.1053433553819291,7.251330512596095,0.17192783382330531,6.185594617533342,-0.00022388165852753404,-2.5991959167425347,0.041739879870071606
90,1.0,2457340.0,-28.555268702028403,-17.218977068172013,-3.9407774943832834,0.5142742493712105,-1.0134589230443722,-0.25081208061625726,6.091523913106581,-0.1053433553819291,7.251330512596095,0.17192783382330531,6.185594617533342,-0.00022388165852753404,-2.5991959167425347,0.041739879870071606
91,1.0,2457250.0,-22.724774839163217,27.256400656760285,1.5202056660136831,-0.8430326222342956,-0.6731181847816895,0.06670196926757864,6.091523913106581,-0.1053433553819291,7.251330512596095,0.17192783382330531,6.185594617533342,-0.00022388165852753404,-2.5991959167425347,0.041739879870071606
92,1.0,2457390.0,-22.620511598153545,24.22438963124705,0.29027700590622785,-0.7751390372681232,-0.8087804648491018,-0.05537363876466413,6.091523913106581,-0.1053433553819291,7.251330512596095,0.17192783382330531,6.185594617533342,-0.00022388165852753404,-2.5991959167425347,0.041739879870071606
93,1.0,2457690.0,-20.264465497138055,-29.0335993161363,2.390631570757432,0.7309285941822433,-0.8195765025737698,0.16734475199243995,6.091523913106581,-0.1053433553819291,7.251330512596095,0.17192783382330531,6.185594617533342,-0.00022388165852753404,-2.5991959167425347,0.041739879870071606
94,0.0,0.0,0.0,0.0,0.0,0.0,0.0,0.0,6.091523913106581,-0.1053433553819291,7.251330512596095,0.17192783382330531,6.185594617533342,-0.00022388165852753404,-2.5991959167425347,0.041739879870071606
95,1.0,2453950.0,36.42799824522921,-5.127080429167329,6.404320120691536,0.18884958072524316,1.0812023083584292,0.05642883604653447,6.091523913106581,-0.1053433553819291,7.251330512596095,0.17192783382330531,6.185594617533342,-0.00022388165852753404,-2.5991959167425347,0.041739879870071606
96,1.0,2457250.0,40.26372180175311,-14.72449441286421,-0.7441032743254146,0.34733847213070274,0.8919150680914579,-0.0087557670198369,6.091523913106581,-0.1053433553819291,7.251330512596095,0.17192783382330531,6.185594617533342,-0.00022388165852753404,-2.5991959167425347,0.041739879870071606
97,1.0,2457700.0,-23.25027813251385,-37.71711002881726,-0.40603562492783485,0.8478404521599382,-0.40321949836214366,-0.03301756092498074,6.091523913106581,-0.1053433553819291,7.251330512596095,0.17192783382330531,6.185594617533342,-0.00022388165852753404,-2.5991959167425347,0.041739879870071606
98,1.0,2453960.0,36.939436834487445,-0.6765147336631213,0.8434992395407562,0.040860882377418355,1.0329608888259973,-0.022905091643100218,6.091523913106581,-0.1053433553819291,7.251330512596095,0.17192783382330531,6.185594617533342,-0.00022388165852753404,-2.5991959167425347,0.041739879870071606
99,1.0,2453690.0,36.48155707927463,-18.61821956846147,-0.2604452858891557,0.5550332761318365,0.8392271880305238,0.09461601239002229,6.091523913106581,-0.1053433553819291,7.251330512596095,0.17192783382330531,6.185594617533342,-0.00022388165852753404,-2.5991959167425347,0.041739879870071606
100,1.0,2457690.0,-41.17939321527105,-17.449479286124813,23.688975560737067,0.39581468817272963,-0.7015870346673776,0.018603194410911184,6.091523913106581,-0.1053433553819291,7.251330512596095,0.17192783382330531,6.185594617533342,-0.00022388165852753404,-2.5991959167425347,0.041739879870071606
101,1.0,2457630.0,-46.111897270353154,-1.6811564203937,24.957272240268086,-0.04522544202655672,-0.7982355225407994,-0.05588147029953458,6.091523913106581,-0.1053433553819291,7.251330512596095,0.17192783382330531,6.185594617533342,-0.00022388165852753404,-2.5991959167425347,0.041739879870071606
102,1.0,2456580.0,42.64849397439881,-10.409604276696935,-0.302754384792199,0.32073216136544175,0.9031699066410873,-0.022163791393402136,6.091523913106581,-0.1053433553819291,7.251330512596095,0.17192783382330531,6.185594617533342,-0.00022388165852753404,-2.5991959167425347,0.041739879870071606
103,1.0,2457430.0,39.82095142181803,-4.742080360435164,-0.663679327903984,0.1030180563098857,1.0475450169125318,0.08885307402722092,6.091523913106581,-0.1053433553819291,7.251330512596095,0.17192783382330531,6.185594617533342,-0.00022388165852753404,-2.5991959167425347,0.041739879870071606
104,1.0,2457290.0,29.42053780189988,11.958261301902994,-2.301933170151525,-0.4302024305382309,1.1298296726589125,-0.10817835577885404,6.091523913106581,-0.1053433553819291,7.251330512596095,0.17192783382330531,6.185594617533342,-0.00022388165852753404,-2.5991959167425347,0.041739879870071606
105,1.0,2457250.0,24.902238898273495,12.668226464426269,-1.414802053193918,-0.5555766918463997,1.1888713336420076,-0.12069574858044613,6.091523913106581,-0.1053433553819291,7.251330512596095,0.17192783382330531,6.185594617533342,-0.00022388165852753404,-2.5991959167425347,0.041739879870071606
106,1.0,2454410.0,28.788330028980504,12.972532317581743,-0.3655214284117113,-0.47301451837191144,1.1453581417854055,0.1654900937516422,6.091523913106581,-0.1053433553819291,7.251330512596095,0.17192783382330531,6.185594617533342,-0.00022388165852753404,-2.5991959167425347,0.041739879870071606
107,1.0,2454670.0,11.532071424562757,39.093136120939945,1.6630201217987821,-0.9555281262680091,0.15452569089239904,0.3313757042162206,6.091523913106581,-0.1053433553819291,7.251330512596095,0.17192783382330531,6.185594617533342,-0.00022388165852753404,-2.5991959167425347,0.041739879870071606
108,1.0,2457870.0,29.191548193772615,25.44945865126048,-6.224066748504731,-0.6300401710583302,0.7722785427985394,-0.054033542215170496,6.091523913106581,-0.1053433553819291,7.251330512596095,0.17192783382330531,6.185594617533342,-0.00022388165852753404,-2.5991959167425347,0.041739879870071606
109,1.0,2457790.0,38.22982016397405,-12.39055656519659,5.925887595994954,0.3289497236094861,0.8912181249211034,-0.2962156122685992,6.091523913106581,-0.1053433553819291,7.251330512596095,0.17192783382330531,6.185594617533342,-0.00022388165852753404,-2.5991959167425347,0.041739879870071606
110,1.0,2457650.0,16.41799698871936,35.036657517832055,-7.516742903385124,-0.7568043647986843,0.5718462091214325,0.4328731728409275,6.091523913106581,-0.1053433553819291,7.251330512596095,0.17192783382330531,6.185594617533342,-0.00022388165852753404,-2.5991959167425347,0.041739879870071606
111,1.0,2454520.0,43.63172770057283,2.5263795244888776,0.0918339089004428,-0.014792405592425072,0.9532391324158461,-0.012957853237705765,6.091523913106581,-0.1053433553819291,7.251330512596095,0.17192783382330531,6.185594617533342,-0.00022388165852753404,-2.5991959167425347,0.041739879870071606
112,1.0,2453920.0,23.71145270739379,38.50475297829981,3.432257929788497,-0.7554922777208363,0.5215378117746287,0.04983012270043682,6.091523913106581,-0.1053433553819291,7.251330512596095,0.17192783382330531,6.185594617533342,-0.00022388165852753404,-2.5991959167425347,0.041739879870071606
113,1.0,2453390.0,21.40031916884837,35.49477772327105,1.2914530439820946,-0.8155600635491287,0.5996721887911093,-0.03929276113687627,6.091523913106581,-0.1053433553819291,7.251330512596095,0.17192783382330531,6.185594617533342,-0.00022388165852753404,-2.5991959167425347,0.041739879870071606
114,1.0,2456420.0,27.005387300369758,26.077452557904614,0.04075148802454409,-0.8972057585098485,0.5943289813313681,-0.13031119332237054,6.091523913106581,-0.1053433553819291,7.251330512596095,0.17192783382330531,6.185594617533342,-0.00022388165852753404,-2.5991959167425347,0.041739879870071606
115,1.0,2457230.0,-36.15737302618778,17.797048614834313,2.1920906963943456,-0.39547014725903096,-0.9502647756438408,0.17259252450481186,6.091523913106581,-0.1053433553819291,7.251330512596095,0.17192783382330531,6.185594617533342,-0.00022388165852753404,-2.5991959167425347,0.041739879870071606
116,1.0,2457110.0,43.46936378157341,-3.922259922231985,0.8048581527734958,0.18547943582231108,0.9457770494842156,0.0300390931256439,6.091523913106581,-0.1053433553819291,7.251330512596095,0.17192783382330531,6.185594617533342,-0.00022388165852753404,-2.5991959167425347,0.041739879870071606
117,1.0,2453160.0,-31.90415478746052,-24.783990796737427,-1.7650878984114842,0.6659799357041464,-0.7807268881606495,-0.013215392029660062,6.091523913106581,-0.1053433553819291,7.251330512596095,0.17192783382330531,6.185594617533342,-0.00022388165852753404,-2.5991959167425347,0.041739879870071606
118,1.0,2456770.0,44.82351499692295,0.1631036182672041,-3.7446519428718723,-0.04334039701927245,0.912828873683358,-0.014892747567782071,6.091523913106581,-0.1053433553819291,7.251330512596095,0.17192783382330531,6.185594617533342,-0.00022388165852753404,-2.5991959167425347,0.041739879870071606
119,1.0,2453450.0,-26.604114203646198,-14.3428986511752,2.124337787411355,0.5903558864232825,-1.1217280120219824,0.0664074191913175,6.091523913106581,-0.1053433553819291,7.251330512596095,0.17192783382330531,6.185594617533342,-0.00022388165852753404,-2.5991959167425347,0.041739879870071606
120,1.0,2457530.0,-22.22183136379654,-29.352359883195042,-1.5593035032184661,0.8643407475900712,-0.6343509795238389,-0.07938079594367353,6.091523913106581,-0.1053433553819291,7.251330512596095,0.17192783382330531,6.185594617533342,-0.00022388165852753404,-2.5991959167425347,0.041739879870071606
121,1.0,2453270.0,-29.87031116505749,-16.16229757132684,-3.2914729379087233,0.6779441673726853,-0.924117558404727,0.036504574349004094,6.091523913106581,-0.1053433553819291,7.251330512596095,0.17192783382330531,6.185594617533342,-0.00022388165852753404,-2.5991959167425347,0.041739879870071606
122,1.0,2456660.0,-11.665049722082987,-42.73661945821031,16.473450985680472,0.8912147512138384,-0.08433935482627386,0.05803031859104698,6.091523913106581,-0.1053433553819291,7.251330512596095,0.17192783382330531,6.185594617533342,-0.00022388165852753404,-2.5991959167425347,0.041739879870071606
123,1.0,2457740.0,37.24422741645185,-15.925490233653989,-9.159478469431292,0.3693839100195299,0.8627559075980757,-0.06779714035505717,6.091523913106581,-0.1053433553819291,7.251330512596095,0.17192783382330531,6.185594617533342,-0.00022388165852753404,-2.5991959167425347,0.041739879870071606
124,1.0,2457750.0,-32.10991871790548,-26.38177865976084,2.954437371723111,0.6428847071284708,-0.756550510081186,0.1136375167807951,6.091523913106581,-0.1053433553819291,7.251330512596095,0.17192783382330531,6.185594617533342,-0.00022388165852753404,-2.5991959167425347,0.041739879870071606
125,1.0,2453640.0,22.382008890740615,30.70370243350192,4.431285959615607,-0.8627511754169334,0.4559786423124648,0.5011610864411559,6.091523913106581,-0.1053433553819291,7.251330512596095,0.17192783382330531,6.185594617533342,-0.00022388165852753404,-2.5991959167425347,0.041739879870071606
126,1.0,2455560.0,-32.06058248958927,24.886713536769566,-1.1092901174608565,-0.8112099445753912,-0.7255909603095232,-0.10390488364765986,6.091523913106581,-0.1053433553819291,7.251330512596095,0.17192783382330531,6.185594617533342,-0.00022388165852753404,-2.5991959167425347,0.041739879870071606
127,1.0,2455120.0,-29.250202652813446,27.12129866620937,-2.666318191969144,-0.4983266188866472,-0.9210325655544803,-0.27947512085443255,6.091523913106581,-0.1053433553819291,7.251330512596095,0.17192783382330531,6.185594617533342,-0.00022388165852753404,-2.5991959167425347,0.041739879870071606
128,1.0,2455720.0,-31.62105876386269,27.161455015907904,-0.38612129034148024,-0.7020877507654946,-0.7045947071278357,-0.011170667175909445,6.091523913106581,-0.1053433553819291,7.251330512596095,0.17192783382330531,6.185594617533342,-0.00022388165852753404,-2.5991959167425347,0.041739879870071606
129,1.0,2453790.0,-34.98503858305844,-24.010793086978534,3.6304453526910603,0.43353973614479946,-0.9102323070817778,0.30901029447512274,6.091523913106581,-0.1053433553819291,7.251330512596095,0.17192783382330531,6.185594617533342,-0.00022388165852753404,-2.5991959167425347,0.041739879870071606
130,1.0,2454040.0,20.31541442048405,38.86793921991185,-2.6631483551795836,-0.8728938166932008,0.3472341188773101,-0.0767813663591532,6.091523913106581,-0.1053433553819291,7.251330512596095,0.17192783382330531,6.185594617533342,-0.00022388165852753404,-2.5991959167425347,0.041739879870071606
131,1.0,2453180.0,-28.24472180338119,-25.870843352296205,0.3165859205252768,0.772294576956066,-0.74226062439059,-0.2011688992363827,6.091523913106581,-0.1053433553819291,7.251330512596095,0.17192783382330531,6.185594617533342,-0.00022388165852753404,-2.5991959167425347,0.041739879870071606
132,1.0,2454730.0,42.764480307311736,-21.10260078390802,-3.2195721094300227,0.5639335017587459,0.7056399298114223,-0.27622706029874045,6.091523913106581,-0.1053433553819291,7.251330512596095,0.17192783382330531,6.185594617533342,-0.00022388165852753404,-2.5991959167425347,0.041739879870071606
133,1.0,2454480.0,-42.52970636337787,7.939212877714855,1.5150707371488363,-0.044800646681389916,-0.9798502439358384,-0.01985145696106904,6.091523913106581,-0.1053433553819291,7.251330512596095,0.17192783382330531,6.185594617533342,-0.00022388165852753404,-2.5991959167425347,0.041739879870071606
134,1.0,2453360.0,-29.053776389583657,-30.122710212748633,0.7292489475687935,0.8708352626810386,-0.5912460751381134,-0.00926618260860587,6.091523913106581,-0.1053433553819291,7.251330512596095,0.17192783382330531,6.185594617533342,-0.00022388165852753404,-2.5991959167425347,0.041739879870071606
135,1.0,2453060.0,-32.82214158597285,-27.460027494053435,-3.7033427555339546,0.5192578712666367,-0.8075555170670745,0.16720931127551752,6.091523913106581,-0.1053433553819291,7.251330512596095,0.17192783382330531,6.185594617533342,-0.00022388165852753404,-2.5991959167425347,0.041739879870071606
136,1.0,2454830.0,12.646528884091758,41.30285929757496,0.5065190170687202,-0.9494845079800602,0.19214689583664196,-0.02676511686203374,6.091523913106581,-0.1053433553819291,7.251330512596095,0.17192783382330531,6.185594617533342,-0.00022388165852753404,-2.5991959167425347,0.041739879870071606
137,1.0,2454570.0,-41.518646367040915,5.126122016228848,1.676119502714295,-0.03465491400019472,-0.9976071973240388,0.011195422356411617,6.091523913106581,-0.1053433553819291,7.251330512596095,0.17192783382330531,6.185594617533342,-0.00022388165852753404,-2.5991959167425347,0.041739879870071606
138,1.0,2454400.0,-39.13312077457225,-15.430184120029276,-1.5293946931639402,0.4821200007469496,-0.8747226126228258,-0.08873430428307678,6.091523913106581,-0.1053433553819291,7.251330512596095,0.17192783382330531,6.185594617533342,-0.00022388165852753404,-2.5991959167425347,0.041739879870071606
139,1.0,2458540.0,39.336115176549825,18.471236742093012,20.427405099636843,-0.458857157045401,0.7201430546869646,0.03656025478164571,6.091523913106581,-0.1053433553819291,7.251330512596095,0.17192783382330531,6.185594617533342,-0.00022388165852753404,-2.5991959167425347,0.041739879870071606
140,1.0,2457680.0,-23.26881236535803,37.30890144158624,-8.116848627766071,-0.6605302626098208,-0.5657351518133734,-0.10985303498775781,6.091523913106581,-0.1053433553819291,7.251330512596095,0.17192783382330531,6.185594617533342,-0.00022388165852753404,-2.5991959167425347,0.041739879870071606
141,1.0,2458010.0,-8.165366439487338,30.127071306179637,16.859785444741842,-1.0784237139627675,-0.04452455592734589,-0.46929677057291885,6.091523913106581,-0.1053433553819291,7.251330512596095,0.17192783382330531,6.185594617533342,-0.00022388165852753404,-2.5991959167425347,0.041739879870071606
142,1.0,2457560.0,36.631671057837146,-23.790930853517104,-0.7304245469590984,0.5834121998368769,0.7508292784380877,-0.02146044643846622,6.091523913106581,-0.1053433553819291,7.251330512596095,0.17192783382330531,6.185594617533342,-0.00022388165852753404,-2.5991959167425347,0.041739879870071606
143,1.0,2456630.0,-16.481812068413337,-37.70965041598859,-3.871465937127989,0.9595885866348997,-0.35060052882209786,0.20203277490104396,6.091523913106581,-0.1053433553819291,7.251330512596095,0.17192783382330531,6.185594617533342,-0.00022388165852753404,-2.5991959167425347,0.041739879870071606
144,1.0,2457310.0,40.875156249525425,-7.320144060289522,0.18096794296782265,0.25969523151401785,0.9671922841882089,0.023402994997199285,6.091523913106581,-0.1053433553819291,7.251330512596095,0.17192783382330531,6.185594617533342,-0.00022388165852753404,-2.5991959167425347,0.041739879870071606
145,1.0,2453260.0,-14.241879699204063,-33.353467197648236,-0.28270146372835736,1.0087810775349393,-0.2779647469502495,0.29074760431120455,6.091523913106581,-0.1053433553819291,7.251330512596095,0.17192783382330531,6.185594617533342,-0.00022388165852753404,-2.5991959167425347,0.041739879870071606
146,1.0,2456450.0,-15.515164998685533,-38.26781946994926,-0.999189233774588,0.8651149980034903,-0.5332163951060664,-0.17507546807016763,6.091523913106581,-0.1053433553819291,7.251330512596095,0.17192783382330531,6.185594617533342,-0.00022388165852753404,-2.5991959167425347,0.041739879870071606
147,1.0,2455790.0,2.6662419252001364,-45.42299471355947,12.212148414441112,0.8334920660716058,0.1434206881403802,0.12033656218246451,6.091523913106581,-0.1053433553819291,7.251330512596095,0.17192783382330531,6.185594617533342,-0.00022388165852753404,-2.5991959167425347,0.041739879870071606
148,1.0,2456560.0,11.321974630681222,39.427205178436225,0.236038344966278,-0.9572784204307282,0.07058345601902558,-0.022826890443984053,6.091523913106581,-0.1053433553819291,7.251330512596095,0.17192783382330531,6.185594617533342,-0.00022388165852753404,-2.5991959167425347,0.041739879870071606
149,1.0,2457380.0,42.28748547026275,10.489269581648639,-0.5327765938499942,-0.29430870347326016,0.8892369696184004,0.1716454073871749,6.091523913106581,-0.1053433553819291,7.251330512596095,0.17192783382330531,6.185594617533342,-0.00022388165852753404,-2.5991959167425347,0.041739879870071606
150,1.0,2457440.0,-31.35037272776235,20.614492076827283,11.408944775902722,-0.33668945039126724,-0.928501246255935,0.36546560957425844,6.091523913106581,-0.1053433553819291,7.251330512596095,0.17192783382330531,6.185594617533342,-0.00022388165852753404,-2.5991959167425347,0.041739879870071606
151,1.0,2457160.0,39.070596673821925,18.053958142696676,-2.801114937515706,-0.24271785280257208,0.9598629069236572,0.14791912834347418,6.091523913106581,-0.1053433553819291,7.251330512596095,0.17192783382330531,6.185594617533342,-0.00022388165852753404,-2.5991959167425347,0.041739879870071606
152,1.0,2457170.0,31.850202851460686,10.537821091700543,-0.14231766706144022,-0.40451377394587534,1.0261691061173053,0.029139770612028753,6.091523913106581,-0.1053433553819291,7.251330512596095,0.17192783382330531,6.185594617533342,-0.00022388165852753404,-2.5991959167425347,0.041739879870071606
153,1.0,2457070.0,-35.436358883514636,23.71326294648418,-0.796603073261113,-0.6144939187630736,-0.7434104780310475,-0.13280384905539824,6.091523913106581,-0.1053433553819291,7.251330512596095,0.17192783382330531,6.185594617533342,-0.00022388165852753404,-2.5991959167425347,0.041739879870071606
154,1.0,2457830.0,-25.692991885081025,23.997132052692628,15.450308597320678,-0.8478830597551561,-0.5997710676210322,-0.18611869149693075,6.091523913106581,-0.1053433553819291,7.251330512596095,0.17192783382330531,6.185594617533342,-0.00022388165852753404,-2.5991959167425347,0.041739879870071606
155,1.0,2457490.0,22.4044528688581,18.043094425068777,-2.1630410300266028,-0.8360989791807639,0.9858497916869673,-0.23681680152735227,6.091523913106581,-0.1053433553819291,7.251330512596095,0.17192783382330531,6.185594617533342,-0.00022388165852753404,-2.5991959167425347,0.041739879870071606
156,1.0,2457650.0,37.40221013686575,-26.167801107313124,0.8699460359397564,0.5061891075597884,0.7534362406497007,-0.04606243760444133,6.091523913106581,-0.1053433553819291,7.251330512596095,0.17192783382330531,6.185594617533342,-0.00022388165852753404,-2.5991959167425347,0.041739879870071606
157,1.0,2456350.0,-16.200397290132493,-37.39444412491374,-0.4760265544145815,0.9125765049194406,-0.48348556598735637,-0.04048511031739418,6.091523913106581,-0.1053433553819291,7.251330512596095,0.17192783382330531,6.185594617533342,-0.00022388165852753404,-2.5991959167425347,0.041739879870071606
158,1.0,2457530.0,-27.379074478580563,-30.71910695232882,-0.5263324269514337,0.7507125836936038,-0.6878675231409732,-0.06183069275913362,6.091523913106581,-0.1053433553819291,7.251330512596095,0.17192783382330531,6.185594617533342,-0.00022388165852753404,-2.5991959167425347,0.041739879870071606
159,1.0,2452710.0,31.005308882336053,6.009266666678882,-0.7229112287640593,-0.19398608901488254,1.2032461235666307,-0.07494807698767407,6.091523913106581,-0.1053433553819291,7.251330512596095,0.17192783382330531,6.185594617533342,-0.00022388165852753404,-2.5991959167425347,0.041739879870071606
160,1.0,2455340.0,42.288324949714905,-0.12219214697427327,-2.6474762105986076,-0.008558701758093413,0.9340682663512136,-0.20160464405103282,6.091523913106581,-0.1053433553819291,7.251330512596095,0.17192783382330531,6.185594617533342,-0.00022388165852753404,-2.5991959167425347,0.041739879870071606
161,1.0,2452900.0,28.83736332184727,-34.70585796656079,-0.283094685158933,0.6854441224597122,0.6048315010716189,0.011478002418041778,6.091523913106581,-0.1053433553819291,7.251330512596095,0.17192783382330531,6.185594617533342,-0.00022388165852753404,-2.5991959167425347,0.041739879870071606
162,1.0,2455120.0,37.25670554368953,-22.11590742578579,-0.5142788635892006,0.4887076550355546,0.8470871251739118,-0.03465876704547886,6.091523913106581,-0.1053433553819291,7.251330512596095,0.17192783382330531,6.185594617533342,-0.00022388165852753404,-2.5991959167425347,0.041739879870071606
163,1.0,2456530.0,40.71655104604201,18.438507960164685,-8.817740899027575,-0.34965895465831315,0.8304703567327069,-0.09285684068285817,6.091523913106581,-0.1053433553819291,7.251330512596095,0.17192783382330531,6.185594617533342,-0.00022388165852753404,-2.5991959167425347,0.041739879870071606
164,1.0,2453400.0,33.89462070783288,-19.64874984408291,0.7622573405644216,0.5699161305780919,0.8715635034570056,0.026811254496229328,6.091523913106581,-0.1053433553819291,7.251330512596095,0.17192783382330531,6.185594617533342,-0.00022388165852753404,-2.5991959167425347,0.041739879870071606
165,1.0,2453320.0,43.098750144239965,-25.99365861508301,0.007472031859001804,0.3498699039236786,0.7656558477705524,0.05427412443324158,6.091523913106581,-0.1053433553819291,7.251330512596095,0.17192783382330531,6.185594617533342,-0.00022388165852753404,-2.5991959167425347,0.041739879870071606
166,1.0,2454350.0,42.51107171972773,-21.442528824949374,-0.37467759637856357,0.42921269157858355,0.7698008248158752,0.05978564192558852,6.091523913106581,-0.1053433553819291,7.251330512596095,0.17192783382330531,6.185594617533342,-0.00022388165852753404,-2.5991959167425347,0.041739879870071606
167,1.0,2457190.0,-26.807558210045674,-30.97385365483195,0.7272286761731678,0.7461075113602448,-0.6924349935846921,-0.006917691163669557,6.091523913106581,-0.1053433553819291,7.251330512596095,0.17192783382330531,6.185594617533342,-0.00022388165852753404,-2.5991959167425347,0.041739879870071606
168,1.0,2453380.0,29.837966967553903,-29.376784876345006,1.286773252819248,0.7427371945309703,0.5711834594667486,0.05617720740512901,6.091523913106581,-0.1053433553819291,7.251330512596095,0.17192783382330531,6.185594617533342,-0.00022388165852753404,-2.5991959167425347,0.041739879870071606
169,1.0,2454890.0,42.585595344516804,-12.674398659210004,-2.0615337579001447,0.1667777011963215,0.9210565855876287,0.008516975229300458,6.091523913106581,-0.1053433553819291,7.251330512596095,0.17192783382330531,6.185594617533342,-0.00022388165852753404,-2.5991959167425347,0.041739879870071606
170,1.0,2454020.0,32.90909041164319,-26.959492041288044,-1.481964474164072,0.6191731946937227,0.7528553347462443,-0.06803338060801023,6.091523913106581,-0.1053433553819291,7.251330512596095,0.17192783382330531,6.185594617533342,-0.00022388165852753404,-2.5991959167425347,0.041739879870071606
171,1.0,2457090.0,42.83109161103953,4.597373474100866,1.2487029829491691,-0.2625395393575143,0.9467102936515859,0.07707420772264234,6.091523913106581,-0.1053433553819291,7.251330512596095,0.17192783382330531,6.185594617533342,-0.00022388165852753404,-2.5991959167425347,0.041739879870071606
172,1.0,2453970.0,30.437713162741215,-27.11978760121589,-0.9530764208642646,0.6827178021625794,0.6225120276520116,-0.40821786332318066,6.091523913106581,-0.1053433553819291,7.251330512596095,0.17192783382330531,6.185594617533342,-0.00022388165852753404,-2.5991959167425347,0.041739879870071606
173,1.0,2454100.0,29.05338806185151,4.652319536117025,-0.31861621085927194,-0.19783515088794223,1.1539058681299479,0.026542407220927707,6.091523913106581,-0.1053433553819291,7.251330512596095,0.17192783382330531,6.185594617533342,-0.00022388165852753404,-2.5991959167425347,0.041739879870071606
174,1.0,2454680.0,29.507562166035306,6.997069759392394,-1.131871588503801,-0.32030200304483797,1.0872202810044853,-0.09277369201268076,6.091523913106581,-0.1053433553819291,7.251330512596095,0.17192783382330531,6.185594617533342,-0.00022388165852753404,-2.5991959167425347,0.041739879870071606
175,1.0,2457680.0,19.77357447410227,39.89505777221707,-24.228555187227,-0.7104725111084481,0.39327419837257166,0.07348183351312884,6.091523913106581,-0.1053433553819291,7.251330512596095,0.17192783382330531,6.185594617533342,-0.00022388165852753404,-2.5991959167425347,0.041739879870071606
176,1.0,2454570.0,40.73873967070454,-19.128721457650112,0.23140942449369706,0.3674415972765453,0.8520003783082013,-0.0346694663844361,6.091523913106581,-0.1053433553819291,7.251330512596095,0.17192783382330531,6.185594617533342,-0.00022388165852753404,-2.5991959167425347,0.041739879870071606
177,1.0,2455520.0,35.471985563878285,20.189916392458628,1.4685481388602817,-0.456801124950627,0.8919546084072859,0.1324454981668824,6.091523913106581,-0.1053433553819291,7.251330512596095,0.17192783382330531,6.185594617533342,-0.00022388165852753404,-2.5991959167425347,0.041739879870071606
178,1.0,2457600.0,17.98047461303492,32.47785788588536,-11.429441274779577,-0.9490858894703312,0.32789799775052453,-0.36115939139249753,6.091523913106581,-0.1053433553819291,7.251330512596095,0.17192783382330531,6.185594617533342,-0.00022388165852753404,-2.5991959167425347,0.041739879870071606
179,1.0,2457300.0,-29.406340312933864,31.40979591049702,0.016255765733282967,-0.6990574695237823,-0.6533070294483253,-0.01820061083111585,6.091523913106581,-0.1053433553819291,7.251330512596095,0.17192783382330531,6.185594617533342,-0.00022388165852753404,-2.5991959167425347,0.041739879870071606
180,1.0,2454410.0,33.131190321289814,-17.667576300386777,-1.2093301280079054,0.5088101342527486,0.8432166947774888,-0.052553846366254556,6.091523913106581,-0.1053433553819291,7.251330512596095,0.17192783382330531,6.185594617533342,-0.00022388165852753404,-2.5991959167425347,0.041739879870071606
181,1.0,2454130.0,30.97816554217737,22.973760775175435,-15.277590432221448,-0.5374039434307855,0.7716752708157041,0.1769911060245833,6.091523913106581,-0.1053433553819291,7.251330512596095,0.17192783382330531,6.185594617533342,-0.00022388165852753404,-2.5991959167425347,0.041739879870071606
182,1.0,2457740.0,-26.53341067914873,-12.279570496256458,8.349575739399235,0.23209782868890674,-1.1078553140703271,-0.4378310731271245,6.091523913106581,-0.1053433553819291,7.251330512596095,0.17192783382330531,6.185594617533342,-0.00022388165852753404,-2.5991959167425347,0.041739879870071606
183,1.0,2454850.0,-40.534847029416824,3.011308096240384,1.6120075903738742,-0.05396225403359637,-1.004603258624052,-0.0017637001867377047,6.091523913106581,-0.1053433553819291,7.251330512596095,0.17192783382330531,6.185594617533342,-0.00022388165852753404,-2.5991959167425347,0.041739879870071606
184,1.0,2457790.0,-30.15907367872371,14.160600375666716,4.451495582043046,-0.3284174309879183,-1.1020124541265375,0.3115994631007499,6.091523913106581,-0.1053433553819291,7.251330512596095,0.17192783382330531,6.185594617533342,-0.00022388165852753404,-2.5991959167425347,0.041739879870071606
185,1.0,2454440.0,-34.85554935893415,-18.42521887827618,1.2452547450395848,0.4702849920966957,-0.8425264656154182,0.3821079148082849,6.091523913106581,-0.1053433553819291,7.251330512596095,0.17192783382330531,6.185594617533342,-0.00022388165852753404,-2.5991959167425347,0.041739879870071606
186,1.0,2455430.0,-40.21758027372993,-30.437099556538588,-1.501342959236743,0.47861288760760795,-0.6616166441120893,-0.09185072940830871,6.091523913106581,-0.1053433553819291,7.251330512596095,0.17192783382330531,6.185594617533342,-0.00022388165852753404,-2.5991959167425347,0.041739879870071606
187,1.0,2455460.0,-27.86734365918942,-8.999869351895597,-0.7594288064070278,0.25367786592835545,-1.2735054311922231,0.05839100835090508,6.091523913106581,-0.1053433553819291,7.251330512596095,0.17192783382330531,6.185594617533342,-0.00022388165852753404,-2.5991959167425347,0.041739879870071606
188,1.0,2454350.0,34.12528665879346,-22.541018736908182,-0.5314845855114991,0.5572938316871919,0.8329526713023,-0.054304600425765195,6.091523913106581,-0.1053433553819291,7.251330512596095,0.17192783382330531,6.185594617533342,-0.00022388165852753404,-2.5991959167425347,0.041739879870071606
189,1.0,2457290.0,-32.28503608892171,-26.77235080439794,1.8913535078497214,0.5883426727765264,-0.8092894498765935,0.18457613848525334,6.091523913106581,-0.1053433553819291,7.251330512596095,0.17192783382330531,6.185594617533342,-0.00022388165852753404,-2.5991959167425347,0.041739879870071606
190,1.0,2456160.0,-35.04399449335182,-23.83350185446128,1.0879914992051378,0.5343993942048086,-0.8235889249731764,-0.04081699438700914,6.091523913106581,-0.1053433553819291,7.251330512596095,0.17192783382330531,6.185594617533342,-0.00022388165852753404,-2.5991959167425347,0.041739879870071606
191,1.0,2456270.0,-36.000770612736574,-26.37678752794295,0.40745071492235285,0.5809081698904369,-0.7269180553199561,-0.053608502593122234,6.091523913106581,-0.1053433553819291,7.251330512596095,0.17192783382330531,6.185594617533342,-0.00022388165852753404,-2.5991959167425347,0.041739879870071606
192,1.0,2458850.0,31.2123434987297,-12.681286621960743,20.275201605813212,0.522930850126805,0.9120738055349246,0.007893620123001613,6.091523913106581,-0.1053433553819291,7.251330512596095,0.17192783382330531,6.185594617533342,-0.00022388165852753404,-2.5991959167425347,0.041739879870071606
193,1.0,2457880.0,-16.82832901800362,-33.10386334851513,5.818383022453356,0.99904605778401,-0.26475810283449724,0.1867997567149461,6.091523913106581,-0.1053433553819291,7.251330512596095,0.17192783382330531,6.185594617533342,-0.00022388165852753404,-2.5991959167425347,0.041739879870071606
194,1.0,2458180.0,-6.050550496470356,28.529039025329734,2.1135040819343525,-1.2620044250554232,-0.31155817332320207,-0.005637739260355914,6.091523913106581,-0.1053433553819291,7.251330512596095,0.17192783382330531,6.185594617533342,-0.00022388165852753404,-2.5991959167425347,0.041739879870071606
195,1.0,2454140.0,36.498822300625925,-25.118302163779894,-0.847908283852189,0.6333041469822265,0.7230711726885881,-0.03173276657822626,6.091523913106581,-0.1053433553819291,7.251330512596095,0.17192783382330531,6.185594617533342,-0.00022388165852753404,-2.5991959167425347,0.041739879870071606
196,1.0,2457040.0,-40.72786865428357,-16.44724653879161,1.5811167607838965,0.2632784827099124,-0.9402883124559698,0.03627936126039091,6.091523913106581,-0.1053433553819291,7.251330512596095,0.17192783382330531,6.185594617533342,-0.00022388165852753404,-2.5991959167425347,0.041739879870071606
197,1.0,2454930.0,-28.6160832651501,-31.85384255088476,0.8796144661128508,0.6858397118509345,-0.7065371567269089,0.022619437547601744,6.091523913106581,-0.1053433553819291,7.251330512596095,0.17192783382330531,6.185594617533342,-0.00022388165852753404,-2.5991959167425347,0.041739879870071606
198,1.0,2457500.0,26.2375824575905,33.58916378032828,-9.045518691433877,-0.5861371485286309,0.6776947971100653,-0.01761896994067865,6.091523913106581,-0.1053433553819291,7.251330512596095,0.17192783382330531,6.185594617533342,-0.00022388165852753404,-2.5991959167425347,0.041739879870071606
199,1.0,2455160.0,13.334143135055648,23.6867501831604,-8.630482749482942,-0.9709506667184663,0.7714974769465139,0.4791312309079574,6.091523913106581,-0.1053433553819291,7.251330512596095,0.17192783382330531,6.185594617533342,-0.00022388165852753404,-2.5991959167425347,0.041739879870071606
200,1.0,2455840.0,-40.22832677477382,-14.38823393939294,-0.12714843710393547,0.335721660833213,-0.9128685091715071,0.012597717659563823,6.091523913106581,-0.1053433553819291,7.251330512596095,0.17192783382330531,6.185594617533342,-0.00022388165852753404,-2.5991959167425347,0.041739879870071606
201,1.0,2457230.0,-32.61255213320074,33.17906517731754,5.91963510896955,-0.4613966179266579,-0.6717328632560331,0.3466300614634957,6.091523913106581,-0.1053433553819291,7.251330512596095,0.17192783382330531,6.185594617533342,-0.00022388165852753404,-2.5991959167425347,0.041739879870071606
202,1.0,2456860.0,-36.72971479400607,-16.153853637746366,3.3225596728216233,0.3204506413031531,-0.926649148590832,0.2965247440356057,6.091523913106581,-0.1053433553819291,7.251330512596095,0.17192783382330531,6.185594617533342,-0.00022388165852753404,-2.5991959167425347,0.041739879870071606
203,1.0,2457000.0,-10.191850230021831,-26.860572898861918,4.006750416576756,1.2377253078894335,-0.2850139581316482,0.3322104318987574,6.091523913106581,-0.1053433553819291,7.251330512596095,0.17192783382330531,6.185594617533342,-0.00022388165852753404,-2.5991959167425347,0.041739879870071606
204,1.0,2457740.0,42.84933446501409,3.2792465825837613,-6.100999630657129,-0.06998022817030315,0.8383489161031041,-0.3247166634436195,6.091523913106581,-0.1053433553819291,7.251330512596095,0.17192783382330531,6.185594617533342,-0.00022388165852753404,-2.5991959167425347,0.041739879870071606
205,1.0,2457500.0,-20.708313588837424,25.75115143447266,-0.10135189158600019,-0.9454240802176077,-0.750077045877657,-0.05479451481177381,6.091523913106581,-0.1053433553819291,7.251330512596095,0.17192783382330531,6.185594617533342,-0.00022388165852753404,-2.5991959167425347,0.041739879870071606
206,1.0,2457630.0,-22.600429210873166,31.454407129303874,4.124033985520644,-0.6985505351409251,-0.6790785855168817,0.28233840135392596,6.091523913106581,-0.1053433553819291,7.251330512596095,0.17192783382330531,6.185594617533342,-0.00022388165852753404,-2.5991959167425347,0.041739879870071606
207,1.0,2457190.0,-39.86076200372284,4.566264616304088,1.3929497879835924,-0.09529037469296892,-1.0328647650940883,-0.017030951500050337,6.091523913106581,-0.1053433553819291,7.251330512596095,0.17192783382330531,6.185594617533342,-0.00022388165852753404,-2.5991959167425347,0.041739879870071606
208,1.0,2457410.0,-20.957474815851747,-29.201278225854,1.928249662674518,0.924331966879317,-0.720945635568983,0.031527063021941165,6.091523913106581,-0.1053433553819291,7.251330512596095,0.17192783382330531,6.185594617533342,-0.00022388165852753404,-2.5991959167425347,0.041739879870071606
209,1.0,2456880.0,-17.415391824336833,-26.320470443828743,0.607409068417726,1.0696401471929342,-0.5970808849518277,-0.03509029470298543,6.091523913106581,-0.1053433553819291,7.251330512596095,0.17192783382330531,6.185594617533342,-0.00022388165852753404,-2.5991959167425347,0.041739879870071606
210,1.0,2457610.0,-35.11231698225648,-24.166279409489192,-0.2570826399611198,0.6015487263939218,-0.7742648548966002,0.01708597164488421,6.091523913106581,-0.1053433553819291,7.251330512596095,0.17192783382330531,6.185594617533342,-0.00022388165852753404,-2.5991959167425347,0.041739879870071606
211,1.0,2457540.0,41.94620308856893,-14.550620809029162,-1.5556389649785132,0.2462553273158539,0.9073567765876858,-0.019759007659538867,6.091523913106581,-0.1053433553819291,7.251330512596095,0.17192783382330531,6.185594617533342,-0.00022388165852753404,-2.5991959167425347,0.041739879870071606
212,1.0,2456630.0,-22.955809562268808,27.517936523043367,0.8055458549994149,-0.8887471040498783,-0.6940559854270612,0.040305828346399966,6.091523913106581,-0.1053433553819291,7.251330512596095,0.17192783382330531,6.185594617533342,-0.00022388165852753404,-2.5991959167425347,0.041739879870071606
213,1.0,2456290.0,-22.088044445860472,-36.040203924347395,0.34127818316946446,0.8390191197373168,-0.4978583312558381,-0.024153805225959956,6.091523913106581,-0.1053433553819291,7.251330512596095,0.17192783382330531,6.185594617533342,-0.00022388165852753404,-2.5991959167425347,0.041739879870071606
214,1.0,2457630.0,33.67951623116857,-17.69002057359887,3.6748357984191093,0.394503818418585,0.8559804966338019,0.4486037441540785,6.091523913106581,-0.1053433553819291,7.251330512596095,0.17192783382330531,6.185594617533342,-0.00022388165852753404,-2.5991959167425347,0.041739879870071606
215,1.0,2457680.0,-31.52803607871433,-13.431318573430731,0.02487152929715375,0.5246727689692225,-1.01693477912903,-0.035328546406557686,6.091523913106581,-0.1053433553819291,7.251330512596095,0.17192783382330531,6.185594617533342,-0.00022388165852753404,-2.5991959167425347,0.041739879870071606
216,1.0,2457230.0,-39.01867717915685,10.780308547881567,1.471233059704557,-0.23151560480338765,-1.001946934911548,0.033737407796983664,6.091523913106581,-0.1053433553819291,7.251330512596095,0.17192783382330531,6.185594617533342,-0.00022388165852753404,-2.5991959167425347,0.041739879870071606
217,1.0,2457680.0,-16.326781896400934,-26.274771045401135,2.9141025507514327,0.9660158735789073,-0.7226935900411253,0.30311090295552257,6.091523913106581,-0.1053433553819291,7.251330512596095,0.17192783382330531,6.185594617533342,-0.00022388165852753404,-2.5991959167425347,0.041739879870071606
218,1.0,2457620.0,36.08565639081363,-3.4271720536438224,7.814733386406647,-0.03532485524937301,1.0675158430219978,0.20563165812820017,6.091523913106581,-0.1053433553819291,7.251330512596095,0.17192783382330531,6.185594617533342,-0.00022388165852753404,-2.5991959167425347,0.041739879870071606
219,1.0,2457110.0,-17.330268750150342,-36.67392057329578,-0.028050411785167872,0.8347423950093387,-0.39685492464662486,-0.30312562575519064,6.091523913106581,-0.1053433553819291,7.251330512596095,0.17192783382330531,6.185594617533342,-0.00022388165852753404,-2.5991959167425347,0.041739879870071606
220,1.0,2457730.0,28.23552936216661,-18.245105706057807,12.466435327290466,0.6558228216850589,0.9717334824244525,0.17553773479994442,6.091523913106581,-0.1053433553819291,7.251330512596095,0.17192783382330531,6.185594617533342,-0.00022388165852753404,-2.5991959167425347,0.041739879870071606
221,1.0,2456730.0,14.672833551981428,43.79804235925541,5.986155980224439,-0.8013387891687722,0.2835831600623642,0.3426746802807167,6.091523913106581,-0.1053433553819291,7.251330512596095,0.17192783382330531,6.185594617533342,-0.00022388165852753404,-2.5991959167425347,0.041739879870071606
222,1.0,2457340.0,-34.445971968107,12.96081683508723,-2.312860435456145,-0.45325645575398427,-0.9591349211564358,-0.2989477011907321,6.091523913106581,-0.1053433553819291,7.251330512596095,0.17192783382330531,6.185594617533342,-0.00022388165852753404,-2.5991959167425347,0.041739879870071606
223,1.0,2457960.0,27.44725605591658,-22.49230545945322,8.822204039764534,0.6056798884559667,0.8919440281740367,0.3489855710783679,6.091523913106581,-0.1053433553819291,7.251330512596095,0.17192783382330531,6.185594617533342,-0.00022388165852753404,-2.5991959167425347,0.041739879870071606
224,1.0,2457500.0,-39.28474005507069,-4.828109489551929,-3.006303202438956,0.18725721040100599,-0.7465831510398233,-0.6231622999876816,6.091523913106581,-0.1053433553819291,7.251330512596095,0.17192783382330531,6.185594617533342,-0.00022388165852753404,-2.5991959167425347,0.041739879870071606
225,1.0,2457620.0,27.81468232186474,-29.618859235295062,-3.116355997188615,0.7127042494326145,0.6406722777951572,0.21958345868037377,6.091523913106581,-0.1053433553819291,7.251330512596095,0.17192783382330531,6.185594617533342,-0.00022388165852753404,-2.5991959167425347,0.041739879870071606
226,1.0,2457860.0,16.181543835051816,28.091126711112807,-16.93304090500173,-1.025303589730582,0.5639388761620402,-0.07437058457418375,6.091523913106581,-0.1053433553819291,7.251330512596095,0.17192783382330531,6.185594617533342,-0.00022388165852753404,-2.5991959167425347,0.041739879870071606
227,1.0,2457490.0,-42.2380014416774,-5.2894062947870175,-9.260950192199074,0.07666991584422081,-0.9508656637660382,0.06610923141842881,6.091523913106581,-0.1053433553819291,7.251330512596095,0.17192783382330531,6.185594617533342,-0.00022388165852753404,-2.5991959167425347,0.041739879870071606
228,1.0,2457910.0,-24.798887442260742,-34.0897383562822,-1.0953156453438968,0.60141565742491,-0.6095388897388885,0.4385520733506437,6.091523913106581,-0.1053433553819291,7.251330512596095,0.17192783382330531,6.185594617533342,-0.00022388165852753404,-2.5991959167425347,0.041739879870071606
229,1.0,2457390.0,-47.05503167292764,3.849272241698676,-4.228607189516632,-0.026285591955228567,-0.8666691469108498,0.24439800273098858,6.091523913106581,-0.1053433553819291,7.251330512596095,0.17192783382330531,6.185594617533342,-0.00022388165852753404,-2.5991959167425347,0.041739879870071606
230,1.0,2457440.0,44.67007738023757,-2.667117956866848,1.7273518678460418,0.14837680735698425,0.7988251888292363,0.4343489935935776,6.091523913106581,-0.1053433553819291,7.251330512596095,0.17192783382330531,6.185594617533342,-0.00022388165852753404,-2.5991959167425347,0.041739879870071606
231,1.0,2457650.0,-33.49673479587075,-21.969918312968883,-1.29885074706837,0.5774529728915826,-0.8572688294653084,0.040701698423103866,6.091523913106581,-0.1053433553819291,7.251330512596095,0.17192783382330531,6.185594617533342,-0.00022388165852753404,-2.5991959167425347,0.041739879870071606
232,1.0,2457380.0,-40.753967739219014,-10.369681062750615,-8.344864056848273,0.26084608494901035,-0.9163500749355565,0.1463032111867084,6.091523913106581,-0.1053433553819291,7.251330512596095,0.17192783382330531,6.185594617533342,-0.00022388165852753404,-2.5991959167425347,0.041739879870071606
233,1.0,2457620.0,34.38780242361823,27.13512783265731,4.311461214501429,-0.6411570555088494,0.6217543919762687,-0.2750901522548591,6.091523913106581,-0.1053433553819291,7.251330512596095,0.17192783382330531,6.185594617533342,-0.00022388165852753404,-2.5991959167425347,0.041739879870071606
234,1.0,2457770.0,36.65264807719588,21.543347343244417,-13.730287459290123,-0.5984564221934501,0.5700661156912787,-0.49125609031511464,6.091523913106581,-0.1053433553819291,7.251330512596095,0.17192783382330531,6.185594617533342,-0.00022388165852753404,-2.5991959167425347,0.041739879870071606
235,1.0,2456900.0,8.010949701451349,-42.62580114732038,1.5807503463049444,0.9367928286777009,0.21608605684391458,-0.02297350258126989,6.091523913106581,-0.1053433553819291,7.251330512596095,0.17192783382330531,6.185594617533342,-0.00022388165852753404,-2.5991959167425347,0.041739879870071606
236,1.0,2457460.0,-44.96036026296414,13.344520031412642,3.87909228906312,-0.26558917432559964,-0.799212091956632,0.3827226066909125,6.091523913106581,-0.1053433553819291,7.251330512596095,0.17192783382330531,6.185594617533342,-0.00022388165852753404,-2.5991959167425347,0.041739879870071606
237,1.0,2454920.0,-38.45728932676227,-17.470306743600865,0.3695978881734204,0.434027350178171,-0.8675443559635799,-0.043124651462561184,6.091523913106581,-0.1053433553819291,7.251330512596095,0.17192783382330531,6.185594617533342,-0.00022388165852753404,-2.5991959167425347,0.041739879870071606
238,1.0,2457040.0,27.63163879974399,22.020846282334368,-9.296791711607963,-0.4913432594010229,0.8406194156907455,0.46138756637640504,6.091523913106581,-0.1053433553819291,7.251330512596095,0.17192783382330531,6.185594617533342,-0.00022388165852753404,-2.5991959167425347,0.041739879870071606
239,1.0,2457270.0,30.679960218573143,24.723426236134443,-10.777204526013803,-0.6553198797794448,0.800484656055586,0.06615956642483535,6.091523913106581,-0.1053433553819291,7.251330512596095,0.17192783382330531,6.185594617533342,-0.00022388165852753404,-2.5991959167425347,0.041739879870071606
240,1.0,2457780.0,-38.51120781344439,1.3194381629646834,8.723741756225708,0.011178642934168556,-0.9916824999724709,0.19815047382410145,6.091523913106581,-0.1053433553819291,7.251330512596095,0.17192783382330531,6.185594617533342,-0.00022388165852753404,-2.5991959167425347,0.041739879870071606
241,1.0,2450640.0,-43.23654813688047,14.097384702006774,0.10536467271045688,-0.18408810329306258,-0.9142250362879368,0.016841291541187308,6.091523913106581,-0.1053433553819291,7.251330512596095,0.17192783382330531,6.185594617533342,-0.00022388165852753404,-2.5991959167425347,0.041739879870071606
242,1.0,2452610.0,-39.18890943846799,-21.471946380146804,-0.2070049976819777,0.4369199907049084,-0.8090750391795415,-0.026209695389869597,6.091523913106581,-0.1053433553819291,7.251330512596095,0.17192783382330531,6.185594617533342,-0.00022388165852753404,-2.5991959167425347,0.041739879870071606
243,1.0,2452290.0,-30.426178516968506,26.337551063011094,0.5258212957611865,-0.7068782598582162,-0.7828437599070928,0.07458409575348705,6.091523913106581,-0.1053433553819291,7.251330512596095,0.17192783382330531,6.185594617533342,-0.00022388165852753404,-2.5991959167425347,0.041739879870071606
244,1.0,2453030.0,-43.076144599145515,12.79794854166876,0.2966465012262459,-0.21259632777122603,-0.9063646150497495,0.03710944892043764,6.091523913106581,-0.1053433553819291,7.251330512596095,0.17192783382330531,6.185594617533342,-0.00022388165852753404,-2.5991959167425347,0.041739879870071606
245,1.0,2456380.0,-20.496889998161752,-21.744760720369435,1.6186857603934193,0.9899371227794509,-0.8064662413658696,0.07721444409285666,6.091523913106581,-0.1053433553819291,7.251330512596095,0.17192783382330531,6.185594617533342,-0.00022388165852753404,-2.5991959167425347,0.041739879870071606
246,1.0,2453990.0,-0.327079874149379,46.51527925945747,0.2702694819324265,-0.9106524387172314,-0.12558819827104375,0.02500076120370156,6.091523913106581,-0.1053433553819291,7.251330512596095,0.17192783382330531,6.185594617533342,-0.00022388165852753404,-2.5991959167425347,0.041739879870071606
247,1.0,2451620.0,-7.74823316264958,-39.88941376368058,1.3587178127275032,1.0109512432909502,-0.14881585345646223,-0.14271971402871228,6.091523913106581,-0.1053433553819291,7.251330512596095,0.17192783382330531,6.185594617533342,-0.00022388165852753404,-2.5991959167425347,0.041739879870071606
248,1.0,2451090.0,38.30384917435054,9.45416584050139,0.9852386128617824,-0.22132706033221625,0.8692969190996017,0.550708925309272,6.091523913106581,-0.1053433553819291,7.251330512596095,0.17192783382330531,6.185594617533342,-0.00022388165852753404,-2.5991959167425347,0.041739879870071606
249,1.0,2451390.0,42.32905833751911,-10.563940119790939,-0.17291107539279427,0.33780884915164905,0.8340325933394575,-0.0829290732445182,6.091523913106581,-0.1053433553819291,7.251330512596095,0.17192783382330531,6.185594617533342,-0.00022388165852753404,-2.5991959167425347,0.041739879870071606
250,1.0,2456390.0,38.77666694835882,18.61725864977687,-0.8093513653706353,-0.4053876429912497,0.8633634909172142,0.05203212442322221,6.091523913106581,-0.1053433553819291,7.251330512596095,0.17192783382330531,6.185594617533342,-0.00022388165852753404,-2.5991959167425347,0.041739879870071606
251,1.0,2456700.0,17.085317459364898,34.15157030819334,3.32483387861695,-0.9608450379390029,0.4810562264129569,-0.10179714884731972,6.091523913106581,-0.1053433553819291,7.251330512596095,0.17192783382330531,6.185594617533342,-0.00022388165852753404,-2.5991959167425347,0.041739879870071606
252,1.0,2454380.0,-37.14484231147944,24.866397216703312,0.7512327701343711,-0.49868054999588307,-0.7835636588189264,0.004847985176418413,6.091523913106581,-0.1053433553819291,7.251330512596095,0.17192783382330531,6.185594617533342,-0.00022388165852753404,-2.5991959167425347,0.041739879870071606
253,1.0,2452380.0,-32.71400344560009,23.347659825476235,2.2387312898229244,-0.575088924609026,-0.826974464465925,0.12947998108749056,6.091523913106581,-0.1053433553819291,7.251330512596095,0.17192783382330531,6.185594617533342,-0.00022388165852753404,-2.5991959167425347,0.041739879870071606
254,1.0,2450970.0,41.299435571716714,-2.5416910953465415,0.12734299336676003,-0.017466106265867393,0.9697525369215744,0.22547441650717479,6.091523913106581,-0.1053433553819291,7.251330512596095,0.17192783382330531,6.185594617533342,-0.00022388165852753404,-2.5991959167425347,0.041739879870071606
255,1.0,2451330.0,40.97974335827512,-10.343228382027,-0.8225373907116502,0.2414965046785105,0.7975705059415689,-0.47940145473453405,6.091523913106581,-0.1053433553819291,7.251330512596095,0.17192783382330531,6.185594617533342,-0.00022388165852753404,-2.5991959167425347,0.041739879870071606
256,0.0,0.0,0.0,0.0,0.0,0.0,0.0,0.0,6.091523913106581,-0.1053433553819291,7.251330512596095,0.17192783382330531,6.185594617533342,-0.00022388165852753404,-2.5991959167425347,0.041739879870071606
257,0.0,0.0,0.0,0.0,0.0,0.0,0.0,0.0,6.091523913106581,-0.1053433553819291,7.251330512596095,0.17192783382330531,6.185594617533342,-0.00022388165852753404,-2.5991959167425347,0.041739879870071606
258,0.0,0.0,0.0,0.0,0.0,0.0,0.0,0.0,6.091523913106581,-0.1053433553819291,7.251330512596095,0.17192783382330531,6.185594617533342,-0.00022388165852753404,-2.5991959167425347,0.041739879870071606
259,0.0,0.0,0.0,0.0,0.0,0.0,0.0,0.0,6.091523913106581,-0.1053433553819291,7.251330512596095,0.17192783382330531,6.185594617533342,-0.00022388165852753404,-2.5991959167425347,0.041739879870071606
260,0.0,0.0,0.0,0.0,0.0,0.0,0.0,0.0,6.091523913106581,-0.1053433553819291,7.251330512596095,0.17192783382330531,6.185594617533342,-0.00022388165852753404,-2.5991959167425347,0.041739879870071606
261,0.0,0.0,0.0,0.0,0.0,0.0,0.0,0.0,6.091523913106581,-0.1053433553819291,7.251330512596095,0.17192783382330531,6.185594617533342,-0.00022388165852753404,-2.5991959167425347,0.041739879870071606
262,0.0,0.0,0.0,0.0,0.0,0.0,0.0,0.0,6.091523913106581,-0.1053433553819291,7.251330512596095,0.17192783382330531,6.185594617533342,-0.00022388165852753404,-2.5991959167425347,0.041739879870071606
263,0.0,0.0,0.0,0.0,0.0,0.0,0.0,0.0,6.091523913106581,-0.1053433553819291,7.251330512596095,0.17192783382330531,6.185594617533342,-0.00022388165852753404,-2.5991959167425347,0.041739879870071606
264,0.0,0.0,0.0,0.0,0.0,0.0,0.0,0.0,6.091523913106581,-0.1053433553819291,7.251330512596095,0.17192783382330531,6.185594617533342,-0.00022388165852753404,-2.5991959167425347,0.041739879870071606
265,0.0,0.0,0.0,0.0,0.0,0.0,0.0,0.0,6.091523913106581,-0.1053433553819291,7.251330512596095,0.17192783382330531,6.185594617533342,-0.00022388165852753404,-2.5991959167425347,0.041739879870071606
266,0.0,0.0,0.0,0.0,0.0,0.0,0.0,0.0,6.091523913106581,-0.1053433553819291,7.251330512596095,0.17192783382330531,6.185594617533342,-0.00022388165852753404,-2.5991959167425347,0.041739879870071606
267,0.0,0.0,0.0,0.0,0.0,0.0,0.0,0.0,6.091523913106581,-0.1053433553819291,7.251330512596095,0.17192783382330531,6.185594617533342,-0.00022388165852753404,-2.5991959167425347,0.041739879870071606
268,0.0,0.0,0.0,0.0,0.0,0.0,0.0,0.0,6.091523913106581,-0.1053433553819291,7.251330512596095,0.17192783382330531,6.185594617533342,-0.00022388165852753404,-2.5991959167425347,0.041739879870071606
269,0.0,0.0,0.0,0.0,0.0,0.0,0.0,0.0,6.091523913106581,-0.1053433553819291,7.251330512596095,0.17192783382330531,6.185594617533342,-0.00022388165852753404,-2.5991959167425347,0.041739879870071606
270,0.0,0.0,0.0,0.0,0.0,0.0,0.0,0.0,6.091523913106581,-0.1053433553819291,7.251330512596095,0.17192783382330531,6.185594617533342,-0.00022388165852753404,-2.5991959167425347,0.041739879870071606
271,0.0,0.0,0.0,0.0,0.0,0.0,0.0,0.0,6.091523913106581,-0.1053433553819291,7.251330512596095,0.17192783382330531,6.185594617533342,-0.00022388165852753404,-2.5991959167425347,0.041739879870071606
272,0.0,0.0,0.0,0.0,0.0,0.0,0.0,0.0,6.091523913106581,-0.1053433553819291,7.251330512596095,0.17192783382330531,6.185594617533342,-0.00022388165852753404,-2.5991959167425347,0.041739879870071606
273,0.0,0.0,0.0,0.0,0.0,0.0,0.0,0.0,6.091523913106581,-0.1053433553819291,7.251330512596095,0.17192783382330531,6.185594617533342,-0.00022388165852753404,-2.5991959167425347,0.041739879870071606
274,0.0,0.0,0.0,0.0,0.0,0.0,0.0,0.0,6.091523913106581,-0.1053433553819291,7.251330512596095,0.17192783382330531,6.185594617533342,-0.00022388165852753404,-2.5991959167425347,0.041739879870071606
275,0.0,0.0,0.0,0.0,0.0,0.0,0.0,0.0,6.091523913106581,-0.1053433553819291,7.251330512596095,0.17192783382330531,6.185594617533342,-0.00022388165852753404,-2.5991959167425347,0.041739879870071606
276,0.0,0.0,0.0,0.0,0.0,0.0,0.0,0.0,6.091523913106581,-0.1053433553819291,7.251330512596095,0.17192783382330531,6.185594617533342,-0.00022388165852753404,-2.5991959167425347,0.041739879870071606
277,0.0,0.0,0.0,0.0,0.0,0.0,0.0,0.0,6.091523913106581,-0.1053433553819291,7.251330512596095,0.17192783382330531,6.185594617533342,-0.00022388165852753404,-2.5991959167425347,0.041739879870071606
278,0.0,0.0,0.0,0.0,0.0,0.0,0.0,0.0,6.091523913106581,-0.1053433553819291,7.251330512596095,0.17192783382330531,6.185594617533342,-0.00022388165852753404,-2.5991959167425347,0.041739879870071606
279,0.0,0.0,0.0,0.0,0.0,0.0,0.0,0.0,6.091523913106581,-0.1053433553819291,7.251330512596095,0.17192783382330531,6.185594617533342,-0.00022388165852753404,-2.5991959167425347,0.041739879870071606
280,0.0,0.0,0.0,0.0,0.0,0.0,0.0,0.0,6.091523913106581,-0.1053433553819291,7.251330512596095,0.17192783382330531,6.185594617533342,-0.00022388165852753404,-2.5991959167425347,0.041739879870071606
281,0.0,0.0,0.0,0.0,0.0,0.0,0.0,0.0,6.091523913106581,-0.1053433553819291,7.251330512596095,0.17192783382330531,6.185594617533342,-0.00022388165852753404,-2.5991959167425347,0.041739879870071606
282,0.0,0.0,0.0,0.0,0.0,0.0,0.0,0.0,6.091523913106581,-0.1053433553819291,7.251330512596095,0.17192783382330531,6.185594617533342,-0.00022388165852753404,-2.5991959167425347,0.041739879870071606
283,0.0,0.0,0.0,0.0,0.0,0.0,0.0,0.0,6.091523913106581,-0.1053433553819291,7.251330512596095,0.17192783382330531,6.185594617533342,-0.00022388165852753404,-2.5991959167425347,0.041739879870071606
284,0.0,0.0,0.0,0.0,0.0,0.0,0.0,0.0,6.091523913106581,-0.1053433553819291,7.251330512596095,0.17192783382330531,6.185594617533342,-0.00022388165852753404,-2.5991959167425347,0.041739879870071606
285,0.0,0.0,0.0,0.0,0.0,0.0,0.0,0.0,6.091523913106581,-0.1053433553819291,7.251330512596095,0.17192783382330531,6.185594617533342,-0.00022388165852753404,-2.5991959167425347,0.041739879870071606
286,0.0,0.0,0.0,0.0,0.0,0.0,0.0,0.0,6.091523913106581,-0.1053433553819291,7.251330512596095,0.17192783382330531,6.185594617533342,-0.00022388165852753404,-2.5991959167425347,0.041739879870071606
287,0.0,0.0,0.0,0.0,0.0,0.0,0.0,0.0,6.091523913106581,-0.1053433553819291,7.251330512596095,0.17192783382330531,6.185594617533342,-0.00022388165852753404,-2.5991959167425347,0.041739879870071606
288,0.0,0.0,0.0,0.0,0.0,0.0,0.0,0.0,6.091523913106581,-0.1053433553819291,7.251330512596095,0.17192783382330531,6.185594617533342,-0.00022388165852753404,-2.5991959167425347,0.041739879870071606
289,0.0,0.0,0.0,0.0,0.0,0.0,0.0,0.0,6.091523913106581,-0.1053433553819291,7.251330512596095,0.17192783382330531,6.185594617533342,-0.00022388165852753404,-2.5991959167425347,0.041739879870071606
290,0.0,0.0,0.0,0.0,0.0,0.0,0.0,0.0,6.091523913106581,-0.1053433553819291,7.251330512596095,0.17192783382330531,6.185594617533342,-0.00022388165852753404,-2.5991959167425347,0.041739879870071606
291,0.0,0.0,0.0,0.0,0.0,0.0,0.0,0.0,6.091523913106581,-0.1053433553819291,7.251330512596095,0.17192783382330531,6.185594617533342,-0.00022388165852753404,-2.5991959167425347,0.041739879870071606
292,0.0,0.0,0.0,0.0,0.0,0.0,0.0,0.0,6.091523913106581,-0.1053433553819291,7.251330512596095,0.17192783382330531,6.185594617533342,-0.00022388165852753404,-2.5991959167425347,0.041739879870071606
293,0.0,0.0,0.0,0.0,0.0,0.0,0.0,0.0,6.091523913106581,-0.1053433553819291,7.251330512596095,0.17192783382330531,6.185594617533342,-0.00022388165852753404,-2.5991959167425347,0.041739879870071606
294,0.0,0.0,0.0,0.0,0.0,0.0,0.0,0.0,6.091523913106581,-0.1053433553819291,7.251330512596095,0.17192783382330531,6.185594617533342,-0.00022388165852753404,-2.5991959167425347,0.041739879870071606
295,0.0,0.0,0.0,0.0,0.0,0.0,0.0,0.0,6.091523913106581,-0.1053433553819291,7.251330512596095,0.17192783382330531,6.185594617533342,-0.00022388165852753404,-2.5991959167425347,0.041739879870071606
296,0.0,0.0,0.0,0.0,0.0,0.0,0.0,0.0,6.091523913106581,-0.1053433553819291,7.251330512596095,0.17192783382330531,6.185594617533342,-0.00022388165852753404,-2.5991959167425347,0.041739879870071606
297,0.0,0.0,0.0,0.0,0.0,0.0,0.0,0.0,6.091523913106581,-0.1053433553819291,7.251330512596095,0.17192783382330531,6.185594617533342,-0.00022388165852753404,-2.5991959167425347,0.041739879870071606
298,0.0,0.0,0.0,0.0,0.0,0.0,0.0,0.0,6.091523913106581,-0.1053433553819291,7.251330512596095,0.17192783382330531,6.185594617533342,-0.00022388165852753404,-2.5991959167425347,0.041739879870071606
299,0.0,0.0,0.0,0.0,0.0,0.0,0.0,0.0,6.091523913106581,-0.1053433553819291,7.251330512596095,0.17192783382330531,6.185594617533342,-0.00022388165852753404,-2.5991959167425347,0.041739879870071606
300,0.0,0.0,0.0,0.0,0.0,0.0,0.0,0.0,6.091523913106581,-0.1053433553819291,7.251330512596095,0.17192783382330531,6.185594617533342,-0.00022388165852753404,-2.5991959167425347,0.041739879870071606
301,0.0,0.0,0.0,0.0,0.0,0.0,0.0,0.0,6.091523913106581,-0.1053433553819291,7.251330512596095,0.17192783382330531,6.185594617533342,-0.00022388165852753404,-2.5991959167425347,0.041739879870071606
302,0.0,0.0,0.0,0.0,0.0,0.0,0.0,0.0,6.091523913106581,-0.1053433553819291,7.251330512596095,0.17192783382330531,6.185594617533342,-0.00022388165852753404,-2.5991959167425347,0.041739879870071606
303,0.0,0.0,0.0,0.0,0.0,0.0,0.0,0.0,6.091523913106581,-0.1053433553819291,7.251330512596095,0.17192783382330531,6.185594617533342,-0.00022388165852753404,-2.5991959167425347,0.041739879870071606
304,0.0,0.0,0.0,0.0,0.0,0.0,0.0,0.0,6.091523913106581,-0.1053433553819291,7.251330512596095,0.17192783382330531,6.185594617533342,-0.00022388165852753404,-2.5991959167425347,0.041739879870071606
305,0.0,0.0,0.0,0.0,0.0,0.0,0.0,0.0,6.091523913106581,-0.1053433553819291,7.251330512596095,0.17192783382330531,6.185594617533342,-0.00022388165852753404,-2.5991959167425347,0.041739879870071606
306,0.0,0.0,0.0,0.0,0.0,0.0,0.0,0.0,6.091523913106581,-0.1053433553819291,7.251330512596095,0.17192783382330531,6.185594617533342,-0.00022388165852753404,-2.5991959167425347,0.041739879870071606
307,0.0,0.0,0.0,0.0,0.0,0.0,0.0,0.0,6.091523913106581,-0.1053433553819291,7.251330512596095,0.17192783382330531,6.185594617533342,-0.00022388165852753404,-2.5991959167425347,0.041739879870071606
308,0.0,0.0,0.0,0.0,0.0,0.0,0.0,0.0,6.091523913106581,-0.1053433553819291,7.251330512596095,0.17192783382330531,6.185594617533342,-0.00022388165852753404,-2.5991959167425347,0.041739879870071606
309,0.0,0.0,0.0,0.0,0.0,0.0,0.0,0.0,6.091523913106581,-0.1053433553819291,7.251330512596095,0.17192783382330531,6.185594617533342,-0.00022388165852753404,-2.5991959167425347,0.041739879870071606
310,0.0,0.0,0.0,0.0,0.0,0.0,0.0,0.0,6.091523913106581,-0.1053433553819291,7.251330512596095,0.17192783382330531,6.185594617533342,-0.00022388165852753404,-2.5991959167425347,0.041739879870071606
311,0.0,0.0,0.0,0.0,0.0,0.0,0.0,0.0,6.091523913106581,-0.1053433553819291,7.251330512596095,0.17192783382330531,6.185594617533342,-0.00022388165852753404,-2.5991959167425347,0.041739879870071606
312,0.0,0.0,0.0,0.0,0.0,0.0,0.0,0.0,6.091523913106581,-0.1053433553819291,7.251330512596095,0.17192783382330531,6.185594617533342,-0.00022388165852753404,-2.5991959167425347,0.041739879870071606
313,0.0,0.0,0.0,0.0,0.0,0.0,0.0,0.0,6.091523913106581,-0.1053433553819291,7.251330512596095,0.17192783382330531,6.185594617533342,-0.00022388165852753404,-2.5991959167425347,0.041739879870071606
314,0.0,0.0,0.0,0.0,0.0,0.0,0.0,0.0,6.091523913106581,-0.1053433553819291,7.251330512596095,0.17192783382330531,6.185594617533342,-0.00022388165852753404,-2.5991959167425347,0.041739879870071606
315,0.0,0.0,0.0,0.0,0.0,0.0,0.0,0.0,6.091523913106581,-0.1053433553819291,7.251330512596095,0.17192783382330531,6.185594617533342,-0.00022388165852753404,-2.5991959167425347,0.041739879870071606
316,0.0,0.0,0.0,0.0,0.0,0.0,0.0,0.0,6.091523913106581,-0.1053433553819291,7.251330512596095,0.17192783382330531,6.185594617533342,-0.00022388165852753404,-2.5991959167425347,0.041739879870071606
317,0.0,0.0,0.0,0.0,0.0,0.0,0.0,0.0,6.091523913106581,-0.1053433553819291,7.251330512596095,0.17192783382330531,6.185594617533342,-0.00022388165852753404,-2.5991959167425347,0.041739879870071606
318,0.0,0.0,0.0,0.0,0.0,0.0,0.0,0.0,6.091523913106581,-0.1053433553819291,7.251330512596095,0.17192783382330531,6.185594617533342,-0.00022388165852753404,-2.5991959167425347,0.041739879870071606
319,0.0,0.0,0.0,0.0,0.0,0.0,0.0,0.0,6.091523913106581,-0.1053433553819291,7.251330512596095,0.17192783382330531,6.185594617533342,-0.00022388165852753404,-2.5991959167425347,0.041739879870071606
320,0.0,0.0,0.0,0.0,0.0,0.0,0.0,0.0,6.091523913106581,-0.1053433553819291,7.251330512596095,0.17192783382330531,6.185594617533342,-0.00022388165852753404,-2.5991959167425347,0.041739879870071606
321,0.0,0.0,0.0,0.0,0.0,0.0,0.0,0.0,6.091523913106581,-0.1053433553819291,7.251330512596095,0.17192783382330531,6.185594617533342,-0.00022388165852753404,-2.5991959167425347,0.041739879870071606
322,0.0,0.0,0.0,0.0,0.0,0.0,0.0,0.0,6.091523913106581,-0.1053433553819291,7.251330512596095,0.17192783382330531,6.185594617533342,-0.00022388165852753404,-2.5991959167425347,0.041739879870071606
323,0.0,0.0,0.0,0.0,0.0,0.0,0.0,0.0,6.091523913106581,-0.1053433553819291,7.251330512596095,0.17192783382330531,6.185594617533342,-0.00022388165852753404,-2.5991959167425347,0.041739879870071606
324,0.0,0.0,0.0,0.0,0.0,0.0,0.0,0.0,6.091523913106581,-0.1053433553819291,7.251330512596095,0.17192783382330531,6.185594617533342,-0.00022388165852753404,-2.5991959167425347,0.041739879870071606
325,0.0,0.0,0.0,0.0,0.0,0.0,0.0,0.0,6.091523913106581,-0.1053433553819291,7.251330512596095,0.17192783382330531,6.185594617533342,-0.00022388165852753404,-2.5991959167425347,0.041739879870071606
326,1.0,2454460.0,-9.757158962739098,43.600975242815494,26.22500208407646,-0.7460912597709278,-0.388978198809347,-0.033696944049633,6.091523913106581,-0.1053433553819291,7.251330512596095,0.17192783382330531,6.185594617533342,-0.00022388165852753404,-2.5991959167425347,0.041739879870071606
327,1.0,2455630.0,-22.81740830915928,34.682585159884454,0.2888124186600234,-0.8467618779340552,-0.5334477928402617,0.006725192311224576,6.091523913106581,-0.1053433553819291,7.251330512596095,0.17192783382330531,6.185594617533342,-0.00022388165852753404,-2.5991959167425347,0.041739879870071606
328,1.0,2454690.0,-28.43397499838517,31.36065991909218,0.3774508724364637,-0.7333485011539361,-0.650978956300979,0.002357080637332848,6.091523913106581,-0.1053433553819291,7.251330512596095,0.17192783382330531,6.185594617533342,-0.00022388165852753404,-2.5991959167425347,0.041739879870071606
329,1.0,2457320.0,-40.085579964498436,23.73691102949826,-6.5322613697928595,-0.3949691046493996,-0.7106639553432887,-0.4124588211234796,6.091523913106581,-0.1053433553819291,7.251330512596095,0.17192783382330531,6.185594617533342,-0.00022388165852753404,-2.5991959167425347,0.041739879870071606
330,1.0,2457150.0,-48.173631352723646,2.412338120800758,3.8561356845369827,-0.0722665031097737,-0.8434446383583909,0.16175698456918955,6.091523913106581,-0.1053433553819291,7.251330512596095,0.17192783382330531,6.185594617533342,-0.00022388165852753404,-2.5991959167425347,0.041739879870071606
331,1.0,2455590.0,-38.20127356620623,29.9725162204347,0.561386652165035,-0.47474725620536495,-0.6202803043416746,-0.11164875042717648,6.091523913106581,-0.1053433553819291,7.251330512596095,0.17192783382330531,6.185594617533342,-0.00022388165852753404,-2.5991959167425347,0.041739879870071606
332,1.0,2456710.0,-42.70403269771527,8.532507856496379,0.4413541775138335,-0.25975529112802853,-0.9276127764053003,0.019193298774088503,6.091523913106581,-0.1053433553819291,7.251330512596095,0.17192783382330531,6.185594617533342,-0.00022388165852753404,-2.5991959167425347,0.041739879870071606
333,1.0,2454610.0,-36.4095721425493,26.36669771843166,1.6622370297549853,-0.5252319148662237,-0.7457758813329723,0.057106378836591906,6.091523913106581,-0.1053433553819291,7.251330512596095,0.17192783382330531,6.185594617533342,-0.00022388165852753404,-2.5991959167425347,0.041739879870071606
334,1.0,2457370.0,-45.698470670216594,10.771695496238252,1.880524162760877,-0.2754723223665343,-0.8498761265724668,-0.036362105854434466,6.091523913106581,-0.1053433553819291,7.251330512596095,0.17192783382330531,6.185594617533342,-0.00022388165852753404,-2.5991959167425347,0.041739879870071606
335,1.0,2453630.0,-36.214141100045794,25.556356791146516,1.063438648070006,-0.5721241279282203,-0.7472848832885879,0.012758874615336275,6.091523913106581,-0.1053433553819291,7.251330512596095,0.17192783382330531,6.185594617533342,-0.00022388165852753404,-2.5991959167425347,0.041739879870071606
336,1.0,2453590.0,-28.899824413645874,40.76148313439743,0.5873828902331777,-0.7253865258366327,-0.3718955463059015,-0.28018663303664315,6.091523913106581,-0.1053433553819291,7.251330512596095,0.17192783382330531,6.185594617533342,-0.00022388165852753404,-2.5991959167425347,0.041739879870071606
337,1.0,2455580.0,-43.27870281643106,14.916871109362335,3.8674450452880427,-0.202907190418851,-0.8761492285150442,0.12121944190981902,6.091523913106581,-0.1053433553819291,7.251330512596095,0.17192783382330531,6.185594617533342,-0.00022388165852753404,-2.5991959167425347,0.041739879870071606
338,1.0,2455740.0,-45.36212512733478,8.978979956802014,1.6553629389869717,-0.2819908081893153,-0.8759511303472162,-0.024131353737216032,6.091523913106581,-0.1053433553819291,7.251330512596095,0.17192783382330531,6.185594617533342,-0.00022388165852753404,-2.5991959167425347,0.041739879870071606
339,1.0,2452990.0,-41.64207441588174,-6.964110248572542,-0.4569442932098431,-0.11797636504180829,-0.9227386551471883,-0.07343215020387858,6.091523913106581,-0.1053433553819291,7.251330512596095,0.17192783382330531,6.185594617533342,-0.00022388165852753404,-2.5991959167425347,0.041739879870071606
340,1.0,2453550.0,-45.85347167559229,-8.954434524576504,-0.36183525026475555,0.1809979434464575,-0.8743530730010811,-0.008617137188621303,6.091523913106581,-0.1053433553819291,7.251330512596095,0.17192783382330531,6.185594617533342,-0.00022388165852753404,-2.5991959167425347,0.041739879870071606
341,1.0,2457060.0,-40.927864560856015,-17.30697491150314,1.442050012277991,0.4526032877783069,-0.833739200191605,0.06384226007423378,6.091523913106581,-0.1053433553819291,7.251330512596095,0.17192783382330531,6.185594617533342,-0.00022388165852753404,-2.5991959167425347,0.041739879870071606
342,1.0,2457110.0,-39.25650396171679,-17.89258340788025,0.60441833760473,0.45669118923826907,-0.8520229853077005,0.012698995414320199,6.091523913106581,-0.1053433553819291,7.251330512596095,0.17192783382330531,6.185594617533342,-0.00022388165852753404,-2.5991959167425347,0.041739879870071606
343,1.0,2457630.0,-40.56757915495629,-19.30997291577146,-0.4655729942535172,0.3944972351436999,-0.8360290105357397,-0.03203655568544388,6.091523913106581,-0.1053433553819291,7.251330512596095,0.17192783382330531,6.185594617533342,-0.00022388165852753404,-2.5991959167425347,0.041739879870071606
344,1.0,2455660.0,-33.681135425649565,-28.85855600168939,-0.03884040101209321,0.5498461456939713,-0.7654002426232661,-0.041311630339887724,6.091523913106581,-0.1053433553819291,7.251330512596095,0.17192783382330531,6.185594617533342,-0.00022388165852753404,-2.5991959167425347,0.041739879870071606
345,1.0,2452670.0,-36.30814701102638,-21.38124896921783,-0.11975173039235842,0.46985502124944034,-0.8581664785077145,-0.03558382455407684,6.091523913106581,-0.1053433553819291,7.251330512596095,0.17192783382330531,6.185594617533342,-0.00022388165852753404,-2.5991959167425347,0.041739879870071606
346,1.0,2455410.0,-26.42718073989812,-30.159372256966407,-1.9806910498493493,0.8473976873856169,-0.575613269536561,-0.20415246704298837,6.091523913106581,-0.1053433553819291,7.251330512596095,0.17192783382330531,6.185594617533342,-0.00022388165852753404,-2.5991959167425347,0.041739879870071606
347,1.0,2457080.0,-35.080397926608704,-14.327314103422086,1.4081950470618485,0.42683157543490974,-0.9958574746462296,0.07781471153455012,6.091523913106581,-0.1053433553819291,7.251330512596095,0.17192783382330531,6.185594617533342,-0.00022388165852753404,-2.5991959167425347,0.041739879870071606
348,1.0,2455210.0,-33.1098407327749,-25.99009221686919,2.382503510891976,0.5675339281463616,-0.8077314388465077,-0.026929262443054137,6.091523913106581,-0.1053433553819291,7.251330512596095,0.17192783382330531,6.185594617533342,-0.00022388165852753404,-2.5991959167425347,0.041739879870071606
349,1.0,2453830.0,-42.86565838839494,-12.675711427245291,-0.2773952527375666,0.26604976819189924,-0.8977287951267456,-0.009483794045953824,6.091523913106581,-0.1053433553819291,7.251330512596095,0.17192783382330531,6.185594617533342,-0.00022388165852753404,-2.5991959167425347,0.041739879870071606
350,1.0,2453210.0,-43.42362492416554,-11.358281865501983,-0.043065085728707486,0.23137783895691136,-0.9006343062584751,-0.04371468111115684,6.091523913106581,-0.1053433553819291,7.251330512596095,0.17192783382330531,6.185594617533342,-0.00022388165852753404,-2.5991959167425347,0.041739879870071606
351,1.0,2452850.0,-30.590639535013345,-32.92587877154624,1.0040859663310786,0.7540641561783178,-0.576001535158532,0.017449717180735236,6.091523913106581,-0.1053433553819291,7.251330512596095,0.17192783382330531,6.185594617533342,-0.00022388165852753404,-2.5991959167425347,0.041739879870071606
352,1.0,2456980.0,-8.380998159559637,-41.65306803440703,13.603967520420278,0.8657708732481032,-0.22762725842995787,-0.10310805524690557,6.091523913106581,-0.1053433553819291,7.251330512596095,0.17192783382330531,6.185594617533342,-0.00022388165852753404,-2.5991959167425347,0.041739879870071606
353,1.0,2453860.0,-12.343218872439671,-35.247951836115135,14.205450288834214,0.9255523296892655,-0.30573231051243965,-0.0907489109826898,6.091523913106581,-0.1053433553819291,7.251330512596095,0.17192783382330531,6.185594617533342,-0.00022388165852753404,-2.5991959167425347,0.041739879870071606
354,1.0,2454400.0,30.76792914462355,-19.61156503044984,-1.0026244712222394,0.5643469352108428,0.8931060928281733,-0.07687814807409388,6.091523913106581,-0.1053433553819291,7.251330512596095,0.17192783382330531,6.185594617533342,-0.00022388165852753404,-2.5991959167425347,0.041739879870071606
355,1.0,2453360.0,35.06539089929598,-25.583813069109024,-3.9100040037191226,0.5717662301529177,0.7655033649445409,-0.03915408214513453,6.091523913106581,-0.1053433553819291,7.251330512596095,0.17192783382330531,6.185594617533342,-0.00022388165852753404,-2.5991959167425347,0.041739879870071606
356,1.0,2457210.0,43.99009655406098,-4.437998878366869,-2.172703856625417,0.09077043789756714,0.9236638634305443,0.022697181003122045,6.091523913106581,-0.1053433553819291,7.251330512596095,0.17192783382330531,6.185594617533342,-0.00022388165852753404,-2.5991959167425347,0.041739879870071606
357,1.0,2454550.0,36.243300261328464,-17.073847508527226,0.2456761524908725,0.5966561759930643,0.8457269509682851,-0.010824263265098232,6.091523913106581,-0.1053433553819291,7.251330512596095,0.17192783382330531,6.185594617533342,-0.00022388165852753404,-2.5991959167425347,0.041739879870071606
358,1.0,2456990.0,30.988092870788364,-26.873616114303754,-2.7942109210613584,0.6603811529087638,0.7518796333123122,-0.036989498315812684,6.091523913106581,-0.1053433553819291,7.251330512596095,0.17192783382330531,6.185594617533342,-0.00022388165852753404,-2.5991959167425347,0.041739879870071606
359,1.0,2453800.0,35.70176668597949,-25.615668701151208,-0.0025188184657600476,0.6634744512363931,0.7188833672396672,0.0070936814104834425,6.091523913106581,-0.1053433553819291,7.251330512596095,0.17192783382330531,6.185594617533342,-0.00022388165852753404,-2.5991959167425347,0.041739879870071606
360,1.0,2453170.0,34.3618741451975,-27.0192820123363,-0.8974926514750312,0.6011376980075023,0.7238257723868923,-0.007489056549393291,6.091523913106581,-0.1053433553819291,7.251330512596095,0.17192783382330531,6.185594617533342,-0.00022388165852753404,-2.5991959167425347,0.041739879870071606
361,1.0,2453410.0,36.01106849198653,-28.200955251133102,-0.5545962263454709,0.5881627352024298,0.7233003233249297,0.07408222350952694,6.091523913106581,-0.1053433553819291,7.251330512596095,0.17192783382330531,6.185594617533342,-0.00022388165852753404,-2.5991959167425347,0.041739879870071606
362,1.0,2453360.0,29.58194069835291,-36.46108946795957,0.07485509263753465,0.6385359705853316,0.624886948821464,-0.07231553313714603,6.091523913106581,-0.1053433553819291,7.251330512596095,0.17192783382330531,6.185594617533342,-0.00022388165852753404,-2.5991959167425347,0.041739879870071606
363,1.0,2452910.0,38.53085865613543,-30.648981634616472,-0.4000686950176564,0.3895368063954796,0.7071311178607146,0.08287146078837729,6.091523913106581,-0.1053433553819291,7.251330512596095,0.17192783382330531,6.185594617533342,-0.00022388165852753404,-2.5991959167425347,0.041739879870071606
364,1.0,2453160.0,35.819221464457115,-28.03411122725902,-0.3821362331679793,0.5960724122547365,0.6916187533459298,-0.035947540573754336,6.091523913106581,-0.1053433553819291,7.251330512596095,0.17192783382330531,6.185594617533342,-0.00022388165852753404,-2.5991959167425347,0.041739879870071606
365,1.0,2452500.0,31.086521590416467,-26.147761706344564,-0.8902302969249909,0.6973733387790413,0.7562603647003956,0.014253116185461222,6.091523913106581,-0.1053433553819291,7.251330512596095,0.17192783382330531,6.185594617533342,-0.00022388165852753404,-2.5991959167425347,0.041739879870071606
366,1.0,2452920.0,25.911455999807064,-32.807861218917374,0.5105561184162686,0.7577208205915705,0.6169248014222878,0.0017065714492940788,6.091523913106581,-0.1053433553819291,7.251330512596095,0.17192783382330531,6.185594617533342,-0.00022388165852753404,-2.5991959167425347,0.041739879870071606
367,1.0,2451810.0,25.197999151181165,-35.0554602301994,0.5027295119207064,0.8131724245365117,0.5213855227449584,-0.02675946144154329,6.091523913106581,-0.1053433553819291,7.251330512596095,0.17192783382330531,6.185594617533342,-0.00022388165852753404,-2.5991959167425347,0.041739879870071606
368,1.0,2453280.0,28.05883627912948,-32.103347595009666,0.3489637106467201,0.6828507448736646,0.6660363063846678,-0.10729384703907216,6.091523913106581,-0.1053433553819291,7.251330512596095,0.17192783382330531,6.185594617533342,-0.00022388165852753404,-2.5991959167425347,0.041739879870071606
369,1.0,2452740.0,36.50114522822115,-28.848059259318894,-0.662075010289406,0.5706569660795292,0.6889546292814029,0.0012431178851308386,6.091523913106581,-0.1053433553819291,7.251330512596095,0.17192783382330531,6.185594617533342,-0.00022388165852753404,-2.5991959167425347,0.041739879870071606
370,1.0,2456540.0,42.33695690997605,-3.524492714758967,-1.9113031529206979,0.11600330970304105,0.9735824933847067,-0.013001501148444847,6.091523913106581,-0.1053433553819291,7.251330512596095,0.17192783382330531,6.185594617533342,-0.00022388165852753404,-2.5991959167425347,0.041739879870071606
371,1.0,2457340.0,45.29427216166684,-3.4464954901621354,-0.794216732095385,-0.0003919643549884429,0.9148148203064461,-0.009107665832760688,6.091523913106581,-0.1053433553819291,7.251330512596095,0.17192783382330531,6.185594617533342,-0.00022388165852753404,-2.5991959167425347,0.041739879870071606
372,1.0,2453790.0,38.72325337044091,-0.7818139011427903,1.7424697834029674,0.14492084009300168,1.0879787645087193,-0.04460357931206335,6.091523913106581,-0.1053433553819291,7.251330512596095,0.17192783382330531,6.185594617533342,-0.00022388165852753404,-2.5991959167425347,0.041739879870071606
373,1.0,2454350.0,36.733701426613315,4.337936127996469,-0.12984359413852242,-0.11228716431652713,1.0887588134144999,0.005201051927027106,6.091523913106581,-0.1053433553819291,7.251330512596095,0.17192783382330531,6.185594617533342,-0.00022388165852753404,-2.5991959167425347,0.041739879870071606
374,0.0,0.0,0.0,0.0,0.0,0.0,0.0,0.0,6.091523913106581,-0.1053433553819291,7.251330512596095,0.17192783382330531,6.185594617533342,-0.00022388165852753404,-2.5991959167425347,0.041739879870071606
375,1.0,2453210.0,27.783947205276796,-34.69232932930363,0.8822240809526396,0.7536351760969663,0.5485483189711305,0.024207934899856464,6.091523913106581,-0.1053433553819291,7.251330512596095,0.17192783382330531,6.185594617533342,-0.00022388165852753404,-2.5991959167425347,0.041739879870071606
376,1.0,2454140.0,14.905658821480957,43.07417139581397,-1.325396655178209,-0.839193855757477,0.336680045447755,0.061447884984448184,6.091523913106581,-0.1053433553819291,7.251330512596095,0.17192783382330531,6.185594617533342,-0.00022388165852753404,-2.5991959167425347,0.041739879870071606
377,1.0,2454030.0,17.269461786406808,46.598895663232554,-1.3024134189075758,-0.7927186542447929,0.2579183201952334,0.10773526069889769,6.091523913106581,-0.1053433553819291,7.251330512596095,0.17192783382330531,6.185594617533342,-0.00022388165852753404,-2.5991959167425347,0.041739879870071606
378,1.0,2452330.0,18.531755749653655,40.75337253275789,-1.635379381254472,-0.8937540752330662,0.2899743618101693,0.060121368411213516,6.091523913106581,-0.1053433553819291,7.251330512596095,0.17192783382330531,6.185594617533342,-0.00022388165852753404,-2.5991959167425347,0.041739879870071606
379,1.0,2454240.0,12.117865880667031,40.051434102226196,-1.3117748821812907,-0.934732704219635,0.326184639334216,0.02733871537646108,6.091523913106581,-0.1053433553819291,7.251330512596095,0.17192783382330531,6.185594617533342,-0.00022388165852753404,-2.5991959167425347,0.041739879870071606
380,1.0,2456460.0,5.320659278306433,44.69380564446663,-0.6283893256786788,-0.9299499653817915,0.12092594322362518,0.025212536939567803,6.091523913106581,-0.1053433553819291,7.251330512596095,0.17192783382330531,6.185594617533342,-0.00022388165852753404,-2.5991959167425347,0.041739879870071606
381,1.0,2452200.0,24.293512784535235,37.98604780842828,-1.497567329228398,-0.7683617873266071,0.5077427606643972,0.018211162056066387,6.091523913106581,-0.1053433553819291,7.251330512596095,0.17192783382330531,6.185594617533342,-0.00022388165852753404,-2.5991959167425347,0.041739879870071606
382,1.0,2453070.0,23.665336785747755,37.682084358394484,-1.4492834991233234,-0.764036065000158,0.542726750129983,-0.0013516563110932646,6.091523913106581,-0.1053433553819291,7.251330512596095,0.17192783382330531,6.185594617533342,-0.00022388165852753404,-2.5991959167425347,0.041739879870071606
383,1.0,2455390.0,12.52978081292722,36.57754924724302,-2.331183033719398,-0.9441218253193316,0.35961605506517563,0.027116121627437883,6.091523913106581,-0.1053433553819291,7.251330512596095,0.17192783382330531,6.185594617533342,-0.00022388165852753404,-2.5991959167425347,0.041739879870071606
384,1.0,2455410.0,12.043080224078901,37.027622621194865,-1.1958560839601209,-1.0670205025015251,0.2509370427704291,-0.06202392771005002,6.091523913106581,-0.1053433553819291,7.251330512596095,0.17192783382330531,6.185594617533342,-0.00022388165852753404,-2.5991959167425347,0.041739879870071606
385,1.0,2453410.0,22.27920912594321,41.22357444099963,-0.5529987643131109,-0.8237806709930541,0.37153448213841916,0.030534286137668714,6.091523913106581,-0.1053433553819291,7.251330512596095,0.17192783382330531,6.185594617533342,-0.00022388165852753404,-2.5991959167425347,0.041739879870071606
386,1.0,2454410.0,20.739834456767717,40.059318863632285,-0.4984081934065935,-0.8246383543640712,0.4086843587399162,-0.007609480135725886,6.091523913106581,-0.1053433553819291,7.251330512596095,0.17192783382330531,6.185594617533342,-0.00022388165852753404,-2.5991959167425347,0.041739879870071606
387,1.0,2454510.0,18.014576622107292,38.56346530378311,-0.008599248785772673,-0.8830772489215499,0.44661918895148134,0.07878893727104451,6.091523913106581,-0.1053433553819291,7.251330512596095,0.17192783382330531,6.185594617533342,-0.00022388165852753404,-2.5991959167425347,0.041739879870071606
388,0.0,0.0,0.0,0.0,0.0,0.0,0.0,0.0,6.091523913106581,-0.1053433553819291,7.251330512596095,0.17192783382330531,6.185594617533342,-0.00022388165852753404,-2.5991959167425347,0.041739879870071606
389,0.0,0.0,0.0,0.0,0.0,0.0,0.0,0.0,6.091523913106581,-0.1053433553819291,7.251330512596095,0.17192783382330531,6.185594617533342,-0.00022388165852753404,-2.5991959167425347,0.041739879870071606
390,0.0,0.0,0.0,0.0,0.0,0.0,0.0,0.0,6.091523913106581,-0.1053433553819291,7.251330512596095,0.17192783382330531,6.185594617533342,-0.00022388165852753404,-2.5991959167425347,0.041739879870071606
391,0.0,0.0,0.0,0.0,0.0,0.0,0.0,0.0,6.091523913106581,-0.1053433553819291,7.251330512596095,0.17192783382330531,6.185594617533342,-0.00022388165852753404,-2.5991959167425347,0.041739879870071606
392,0.0,0.0,0.0,0.0,0.0,0.0,0.0,0.0,6.091523913106581,-0.1053433553819291,7.251330512596095,0.17192783382330531,6.185594617533342,-0.00022388165852753404,-2.5991959167425347,0.041739879870071606
393,0.0,0.0,0.0,0.0,0.0,0.0,0.0,0.0,6.091523913106581,-0.1053433553819291,7.251330512596095,0.17192783382330531,6.185594617533342,-0.00022388165852753404,-2.5991959167425347,0.041739879870071606
394,0.0,0.0,0.0,0.0,0.0,0.0,0.0,0.0,6.091523913106581,-0.1053433553819291,7.251330512596095,0.17192783382330531,6.185594617533342,-0.00022388165852753404,-2.5991959167425347,0.041739879870071606
395,0.0,0.0,0.0,0.0,0.0,0.0,0.0,0.0,6.091523913106581,-0.1053433553819291,7.251330512596095,0.17192783382330531,6.185594617533342,-0.00022388165852753404,-2.5991959167425347,0.041739879870071606
396,0.0,0.0,0.0,0.0,0.0,0.0,0.0,0.0,6.091523913106581,-0.1053433553819291,7.251330512596095,0.17192783382330531,6.185594617533342,-0.00022388165852753404,-2.5991959167425347,0.041739879870071606
397,0.0,0.0,0.0,0.0,0.0,0.0,0.0,0.0,6.091523913106581,-0.1053433553819291,7.251330512596095,0.17192783382330531,6.185594617533342,-0.00022388165852753404,-2.5991959167425347,0.041739879870071606
398,0.0,0.0,0.0,0.0,0.0,0.0,0.0,0.0,6.091523913106581,-0.1053433553819291,7.251330512596095,0.17192783382330531,6.185594617533342,-0.00022388165852753404,-2.5991959167425347,0.041739879870071606
399,0.0,0.0,0.0,0.0,0.0,0.0,0.0,0.0,6.091523913106581,-0.1053433553819291,7.251330512596095,0.17192783382330531,6.185594617533342,-0.00022388165852753404,-2.5991959167425347,0.041739879870071606
400,0.0,0.0,0.0,0.0,0.0,0.0,0.0,0.0,6.091523913106581,-0.1053433553819291,7.251330512596095,0.17192783382330531,6.185594617533342,-0.00022388165852753404,-2.5991959167425347,0.041739879870071606
401,0.0,0.0,0.0,0.0,0.0,0.0,0.0,0.0,6.091523913106581,-0.1053433553819291,7.251330512596095,0.17192783382330531,6.185594617533342,-0.00022388165852753404,-2.5991959167425347,0.041739879870071606
402,0.0,0.0,0.0,0.0,0.0,0.0,0.0,0.0,6.091523913106581,-0.1053433553819291,7.251330512596095,0.17192783382330531,6.185594617533342,-0.00022388165852753404,-2.5991959167425347,0.041739879870071606
403,0.0,0.0,0.0,0.0,0.0,0.0,0.0,0.0,6.091523913106581,-0.1053433553819291,7.251330512596095,0.17192783382330531,6.185594617533342,-0.00022388165852753404,-2.5991959167425347,0.041739879870071606
404,0.0,0.0,0.0,0.0,0.0,0.0,0.0,0.0,6.091523913106581,-0.1053433553819291,7.251330512596095,0.17192783382330531,6.185594617533342,-0.00022388165852753404,-2.5991959167425347,0.041739879870071606
405,0.0,0.0,0.0,0.0,0.0,0.0,0.0,0.0,6.091523913106581,-0.1053433553819291,7.251330512596095,0.17192783382330531,6.185594617533342,-0.00022388165852753404,-2.5991959167425347,0.041739879870071606
406,0.0,0.0,0.0,0.0,0.0,0.0,0.0,0.0,6.091523913106581,-0.1053433553819291,7.251330512596095,0.17192783382330531,6.185594617533342,-0.00022388165852753404,-2.5991959167425347,0.041739879870071606
407,0.0,0.0,0.0,0.0,0.0,0.0,0.0,0.0,6.091523913106581,-0.1053433553819291,7.251330512596095,0.17192783382330531,6.185594617533342,-0.00022388165852753404,-2.5991959167425347,0.041739879870071606
408,0.0,0.0,0.0,0.0,0.0,0.0,0.0,0.0,6.091523913106581,-0.1053433553819291,7.251330512596095,0.17192783382330531,6.185594617533342,-0.00022388165852753404,-2.5991959167425347,0.041739879870071606
409,0.0,0.0,0.0,0.0,0.0,0.0,0.0,0.0,6.091523913106581,-0.1053433553819291,7.251330512596095,0.17192783382330531,6.185594617533342,-0.00022388165852753404,-2.5991959167425347,0.041739879870071606
410,0.0,0.0,0.0,0.0,0.0,0.0,0.0,0.0,6.091523913106581,-0.1053433553819291,7.251330512596095,0.17192783382330531,6.185594617533342,-0.00022388165852753404,-2.5991959167425347,0.041739879870071606
411,0.0,0.0,0.0,0.0,0.0,0.0,0.0,0.0,6.091523913106581,-0.1053433553819291,7.251330512596095,0.17192783382330531,6.185594617533342,-0.00022388165852753404,-2.5991959167425347,0.041739879870071606
412,0.0,0.0,0.0,0.0,0.0,0.0,0.0,0.0,6.091523913106581,-0.1053433553819291,7.251330512596095,0.17192783382330531,6.185594617533342,-0.00022388165852753404,-2.5991959167425347,0.041739879870071606
413,0.0,0.0,0.0,0.0,0.0,0.0,0.0,0.0,6.091523913106581,-0.1053433553819291,7.251330512596095,0.17192783382330531,6.185594617533342,-0.00022388165852753404,-2.5991959167425347,0.041739879870071606
414,0.0,0.0,0.0,0.0,0.0,0.0,0.0,0.0,6.091523913106581,-0.1053433553819291,7.251330512596095,0.17192783382330531,6.185594617533342,-0.00022388165852753404,-2.5991959167425347,0.041739879870071606
415,0.0,0.0,0.0,0.0,0.0,0.0,0.0,0.0,6.091523913106581,-0.1053433553819291,7.251330512596095,0.17192783382330531,6.185594617533342,-0.00022388165852753404,-2.5991959167425347,0.041739879870071606
416,0.0,0.0,0.0,0.0,0.0,0.0,0.0,0.0,6.091523913106581,-0.1053433553819291,7.251330512596095,0.17192783382330531,6.185594617533342,-0.00022388165852753404,-2.5991959167425347,0.041739879870071606
417,0.0,0.0,0.0,0.0,0.0,0.0,0.0,0.0,6.091523913106581,-0.1053433553819291,7.251330512596095,0.17192783382330531,6.185594617533342,-0.00022388165852753404,-2.5991959167425347,0.041739879870071606
418,0.0,0.0,0.0,0.0,0.0,0.0,0.0,0.0,6.091523913106581,-0.1053433553819291,7.251330512596095,0.17192783382330531,6.185594617533342,-0.00022388165852753404,-2.5991959167425347,0.041739879870071606
419,0.0,0.0,0.0,0.0,0.0,0.0,0.0,0.0,6.091523913106581,-0.1053433553819291,7.251330512596095,0.17192783382330531,6.185594617533342,-0.00022388165852753404,-2.5991959167425347,0.041739879870071606
420,0.0,0.0,0.0,0.0,0.0,0.0,0.0,0.0,6.091523913106581,-0.1053433553819291,7.251330512596095,0.17192783382330531,6.185594617533342,-0.00022388165852753404,-2.5991959167425347,0.041739879870071606
421,0.0,0.0,0.0,0.0,0.0,0.0,0.0,0.0,6.091523913106581,-0.1053433553819291,7.251330512596095,0.17192783382330531,6.185594617533342,-0.00022388165852753404,-2.5991959167425347,0.041739879870071606
422,0.0,0.0,0.0,0.0,0.0,0.0,0.0,0.0,6.091523913106581,-0.1053433553819291,7.251330512596095,0.17192783382330531,6.185594617533342,-0.00022388165852753404,-2.5991959167425347,0.041739879870071606
423,0.0,0.0,0.0,0.0,0.0,0.0,0.0,0.0,6.091523913106581,-0.1053433553819291,7.251330512596095,0.17192783382330531,6.185594617533342,-0.00022388165852753404,-2.5991959167425347,0.041739879870071606
424,0.0,0.0,0.0,0.0,0.0,0.0,0.0,0.0,6.091523913106581,-0.1053433553819291,7.251330512596095,0.17192783382330531,6.185594617533342,-0.00022388165852753404,-2.5991959167425347,0.041739879870071606
425,0.0,0.0,0.0,0.0,0.0,0.0,0.0,0.0,6.091523913106581,-0.1053433553819291,7.251330512596095,0.17192783382330531,6.185594617533342,-0.00022388165852753404,-2.5991959167425347,0.041739879870071606
426,0.0,0.0,0.0,0.0,0.0,0.0,0.0,0.0,6.091523913106581,-0.1053433553819291,7.251330512596095,0.17192783382330531,6.185594617533342,-0.00022388165852753404,-2.5991959167425347,0.041739879870071606
427,0.0,0.0,0.0,0.0,0.0,0.0,0.0,0.0,6.091523913106581,-0.1053433553819291,7.251330512596095,0.17192783382330531,6.185594617533342,-0.00022388165852753404,-2.5991959167425347,0.041739879870071606
428,0.0,0.0,0.0,0.0,0.0,0.0,0.0,0.0,6.091523913106581,-0.1053433553819291,7.251330512596095,0.17192783382330531,6.185594617533342,-0.00022388165852753404,-2.5991959167425347,0.041739879870071606
429,0.0,0.0,0.0,0.0,0.0,0.0,0.0,0.0,6.091523913106581,-0.1053433553819291,7.251330512596095,0.17192783382330531,6.185594617533342,-0.00022388165852753404,-2.5991959167425347,0.041739879870071606
430,0.0,0.0,0.0,0.0,0.0,0.0,0.0,0.0,6.091523913106581,-0.1053433553819291,7.251330512596095,0.17192783382330531,6.185594617533342,-0.00022388165852753404,-2.5991959167425347,0.041739879870071606
431,0.0,0.0,0.0,0.0,0.0,0.0,0.0,0.0,6.091523913106581,-0.1053433553819291,7.251330512596095,0.17192783382330531,6.185594617533342,-0.00022388165852753404,-2.5991959167425347,0.041739879870071606
432,0.0,0.0,0.0,0.0,0.0,0.0,0.0,0.0,6.091523913106581,-0.1053433553819291,7.251330512596095,0.17192783382330531,6.185594617533342,-0.00022388165852753404,-2.5991959167425347,0.041739879870071606
433,0.0,0.0,0.0,0.0,0.0,0.0,0.0,0.0,6.091523913106581,-0.1053433553819291,7.251330512596095,0.17192783382330531,6.185594617533342,-0.00022388165852753404,-2.5991959167425347,0.041739879870071606
434,0.0,0.0,0.0,0.0,0.0,0.0,0.0,0.0,6.091523913106581,-0.1053433553819291,7.251330512596095,0.17192783382330531,6.185594617533342,-0.00022388165852753404,-2.5991959167425347,0.041739879870071606
435,0.0,0.0,0.0,0.0,0.0,0.0,0.0,0.0,6.091523913106581,-0.1053433553819291,7.251330512596095,0.17192783382330531,6.185594617533342,-0.00022388165852753404,-2.5991959167425347,0.041739879870071606
436,0.0,0.0,0.0,0.0,0.0,0.0,0.0,0.0,6.091523913106581,-0.1053433553819291,7.251330512596095,0.17192783382330531,6.185594617533342,-0.00022388165852753404,-2.5991959167425347,0.041739879870071606
437,0.0,0.0,0.0,0.0,0.0,0.0,0.0,0.0,6.091523913106581,-0.1053433553819291,7.251330512596095,0.17192783382330531,6.185594617533342,-0.00022388165852753404,-2.5991959167425347,0.041739879870071606
438,0.0,0.0,0.0,0.0,0.0,0.0,0.0,0.0,6.091523913106581,-0.1053433553819291,7.251330512596095,0.17192783382330531,6.185594617533342,-0.00022388165852753404,-2.5991959167425347,0.041739879870071606
439,0.0,0.0,0.0,0.0,0.0,0.0,0.0,0.0,6.091523913106581,-0.1053433553819291,7.251330512596095,0.17192783382330531,6.185594617533342,-0.00022388165852753404,-2.5991959167425347,0.041739879870071606
440,0.0,0.0,0.0,0.0,0.0,0.0,0.0,0.0,6.091523913106581,-0.1053433553819291,7.251330512596095,0.17192783382330531,6.185594617533342,-0.00022388165852753404,-2.5991959167425347,0.041739879870071606
441,0.0,0.0,0.0,0.0,0.0,0.0,0.0,0.0,6.091523913106581,-0.1053433553819291,7.251330512596095,0.17192783382330531,6.185594617533342,-0.00022388165852753404,-2.5991959167425347,0.041739879870071606
442,1.0,2454720.0,-40.394419865184055,9.753533390535912,2.5079621916405683,-0.17403687200061455,-0.9840119974700692,0.023274940777916187,6.091523913106581,-0.1053433553819291,7.251330512596095,0.17192783382330531,6.185594617533342,-0.00022388165852753404,-2.5991959167425347,0.041739879870071606
443,1.0,2454090.0,-38.183655465527,18.84493468000979,1.0261654597964507,-0.434806706262322,-0.8597491710049461,-0.005961177828872157,6.091523913106581,-0.1053433553819291,7.251330512596095,0.17192783382330531,6.185594617533342,-0.00022388165852753404,-2.5991959167425347,0.041739879870071606
444,1.0,2455540.0,-28.83296919716654,-2.2543944567464695,-1.7672953800889273,0.17422154231846937,-1.2842019539224894,-0.1922773482611681,6.091523913106581,-0.1053433553819291,7.251330512596095,0.17192783382330531,6.185594617533342,-0.00022388165852753404,-2.5991959167425347,0.041739879870071606
445,0.0,0.0,0.0,0.0,0.0,0.0,0.0,0.0,6.091523913106581,-0.1053433553819291,7.251330512596095,0.17192783382330531,6.185594617533342,-0.00022388165852753404,-2.5991959167425347,0.041739879870071606
446,1.0,2455160.0,-41.36168341808294,6.821942787215672,0.8567506128137131,-0.11933406243615653,-0.975041296949565,0.0013854964892786447,6.091523913106581,-0.1053433553819291,7.251330512596095,0.17192783382330531,6.185594617533342,-0.00022388165852753404,-2.5991959167425347,0.041739879870071606
447,1.0,2455020.0,-41.95821116763337,3.5694033514494237,0.7021161800275827,-0.13601044375418272,-1.003020564778844,0.06105662619179667,6.091523913106581,-0.1053433553819291,7.251330512596095,0.17192783382330531,6.185594617533342,-0.00022388165852753404,-2.5991959167425347,0.041739879870071606
448,1.0,2454420.0,-33.314726173983836,24.132515779099474,1.3878219347206608,-0.5845353149759775,-0.8191987662999027,0.048015413919627846,6.091523913106581,-0.1053433553819291,7.251330512596095,0.17192783382330531,6.185594617533342,-0.00022388165852753404,-2.5991959167425347,0.041739879870071606
449,1.0,2456680.0,9.92580459318858,34.38902302031741,3.380787741579106,-1.0934478057909949,0.05274737437515391,0.008674449469921077,6.091523913106581,-0.1053433553819291,7.251330512596095,0.17192783382330531,6.185594617533342,-0.00022388165852753404,-2.5991959167425347,0.041739879870071606
450,1.0,2453100.0,25.862295785856958,40.793627637107996,3.87576509039308,-0.7781977629495233,0.338961458543056,0.2350030587504282,6.091523913106581,-0.1053433553819291,7.251330512596095,0.17192783382330531,6.185594617533342,-0.00022388165852753404,-2.5991959167425347,0.041739879870071606
451,1.0,2454540.0,-47.15309467407352,7.097122734865377,0.6279359319091236,-0.13791340783577438,-0.8630932965858876,0.009604259288247789,6.091523913106581,-0.1053433553819291,7.251330512596095,0.17192783382330531,6.185594617533342,-0.00022388165852753404,-2.5991959167425347,0.041739879870071606
452,1.0,2457060.0,-36.671407365611344,35.62993550994301,-1.6457702409787893,-0.5114633586991548,-0.6505508984916938,-0.09497172298786846,6.091523913106581,-0.1053433553819291,7.251330512596095,0.17192783382330531,6.185594617533342,-0.00022388165852753404,-2.5991959167425347,0.041739879870071606
453,1.0,2455440.0,-40.72620882035255,1.1041986241455868,3.119562232359907,-0.016547728634260787,-0.9970163839607267,0.1594594156265758,6.091523913106581,-0.1053433553819291,7.251330512596095,0.17192783382330531,6.185594617533342,-0.00022388165852753404,-2.5991959167425347,0.041739879870071606
454,1.0,2453690.0,-35.7061039065314,31.62887432866739,1.3360266168980603,-0.5945476924899559,-0.6530184045167327,0.008442636000563617,6.091523913106581,-0.1053433553819291,7.251330512596095,0.17192783382330531,6.185594617533342,-0.00022388165852753404,-2.5991959167425347,0.041739879870071606
455,1.0,2453510.0,-52.54111610444144,8.310779380487629,-1.7766556850920683,-0.1899474765157744,-0.7814269206036544,-0.03610503505166006,6.091523913106581,-0.1053433553819291,7.251330512596095,0.17192783382330531,6.185594617533342,-0.00022388165852753404,-2.5991959167425347,0.041739879870071606
456,1.0,2453480.0,-39.053009033885765,15.925834578015678,1.7020273973297873,-0.35669438858955216,-0.9102456409921583,-0.0077658977161299304,6.091523913106581,-0.1053433553819291,7.251330512596095,0.17192783382330531,6.185594617533342,-0.00022388165852753404,-2.5991959167425347,0.041739879870071606
457,1.0,2457110.0,-36.79044885121897,-14.449651770018367,1.808252742581605,0.4220204181343539,-0.8567274107399969,0.03577716930311758,6.091523913106581,-0.1053433553819291,7.251330512596095,0.17192783382330531,6.185594617533342,-0.00022388165852753404,-2.5991959167425347,0.041739879870071606
458,1.0,2453860.0,-43.666454297059076,13.860760968554088,-0.5989193676299523,-0.30135773345928135,-0.8613930379192228,-0.013891443804110597,6.091523913106581,-0.1053433553819291,7.251330512596095,0.17192783382330531,6.185594617533342,-0.00022388165852753404,-2.5991959167425347,0.041739879870071606
459,1.0,2454470.0,-34.05219751458915,-18.46843000092218,0.8969680265582654,0.6674796050161916,-0.7238436748166323,0.2614323494286742,6.091523913106581,-0.1053433553819291,7.251330512596095,0.17192783382330531,6.185594617533342,-0.00022388165852753404,-2.5991959167425347,0.041739879870071606
460,1.0,2456830.0,-24.484208323924733,-36.34160569503054,-0.43237788662761734,0.665741853447757,-0.5931602922721404,-0.04321049976243298,6.091523913106581,-0.1053433553819291,7.251330512596095,0.17192783382330531,6.185594617533342,-0.00022388165852753404,-2.5991959167425347,0.041739879870071606
461,1.0,2457030.0,-24.613526668028115,-19.822379841836316,-2.2646795045058554,0.7943450835831521,-0.9126355765092167,-0.1589086984745997,6.091523913106581,-0.1053433553819291,7.251330512596095,0.17192783382330531,6.185594617533342,-0.00022388165852753404,-2.5991959167425347,0.041739879870071606
462,1.0,2456720.0,-28.875514817306556,-32.45051850471937,2.923736782917632,0.5889956922527423,-0.5925049040282812,0.4191010071808097,6.091523913106581,-0.1053433553819291,7.251330512596095,0.17192783382330531,6.185594617533342,-0.00022388165852753404,-2.5991959167425347,0.041739879870071606
463,1.0,2452930.0,-31.795849078914838,-13.365565799913279,-0.8693206981692941,0.4400246881052547,-1.039409919448899,-0.1368764321244015,6.091523913106581,-0.1053433553819291,7.251330512596095,0.17192783382330531,6.185594617533342,-0.00022388165852753404,-2.5991959167425347,0.041739879870071606
464,1.0,2456610.0,-16.845093921297302,-25.707835078797437,0.887498390122337,0.9161972596413211,-0.8510053903881056,0.06817357664962481,6.091523913106581,-0.1053433553819291,7.251330512596095,0.17192783382330531,6.185594617533342,-0.00022388165852753404,-2.5991959167425347,0.041739879870071606
465,1.0,2454430.0,-21.145881564029246,-31.286573224484282,-1.179063306541582,0.8714490044929711,-0.6293001104540992,0.07227273484744762,6.091523913106581,-0.1053433553819291,7.251330512596095,0.17192783382330531,6.185594617533342,-0.00022388165852753404,-2.5991959167425347,0.041739879870071606
466,1.0,2456520.0,-10.545986200691983,-30.12661456117013,0.439673903051576,1.1407702090426293,-0.3954527538321565,-0.1127067685753938,6.091523913106581,-0.1053433553819291,7.251330512596095,0.17192783382330531,6.185594617533342,-0.00022388165852753404,-2.5991959167425347,0.041739879870071606
467,1.0,2453410.0,-40.69404645610301,1.906571135392566,-1.4378186067749619,-0.2767929345856187,-0.928704511617329,0.019793560466747174,6.091523913106581,-0.1053433553819291,7.251330512596095,0.17192783382330531,6.185594617533342,-0.00022388165852753404,-2.5991959167425347,0.041739879870071606
468,1.0,2453230.0,-25.346360447111433,-27.580098404780703,-3.1637174586414396,0.7273902432603403,-0.6652520166472307,0.07189367509694083,6.091523913106581,-0.1053433553819291,7.251330512596095,0.17192783382330531,6.185594617533342,-0.00022388165852753404,-2.5991959167425347,0.041739879870071606
469,1.0,2457030.0,-20.290956188307998,-30.249699993895014,0.21046980451122005,0.8672881274643347,-0.6440671589866762,0.03369559159985891,6.091523913106581,-0.1053433553819291,7.251330512596095,0.17192783382330531,6.185594617533342,-0.00022388165852753404,-2.5991959167425347,0.041739879870071606
470,1.0,2453590.0,41.92072577390383,-22.596104746961565,-1.399280125042534,0.39971316422411807,0.7770299986659082,-0.027905629464008073,6.091523913106581,-0.1053433553819291,7.251330512596095,0.17192783382330531,6.185594617533342,-0.00022388165852753404,-2.5991959167425347,0.041739879870071606
471,1.0,2453620.0,38.236328823741765,-19.33056234603449,-0.1652889291443158,0.4784682384844453,0.8512620904361553,0.060825214246652895,6.091523913106581,-0.1053433553819291,7.251330512596095,0.17192783382330531,6.185594617533342,-0.00022388165852753404,-2.5991959167425347,0.041739879870071606
472,1.0,2453870.0,41.14005616291623,-12.446036957237578,1.561507854038577,0.2726551309130257,0.9153182364355646,0.08989794065901029,6.091523913106581,-0.1053433553819291,7.251330512596095,0.17192783382330531,6.185594617533342,-0.00022388165852753404,-2.5991959167425347,0.041739879870071606
473,1.0,2455460.0,45.10309803659109,-10.687769429136898,-0.5412568017898616,0.23592194254947682,0.8695906627381549,0.0005988162785815182,6.091523913106581,-0.1053433553819291,7.251330512596095,0.17192783382330531,6.185594617533342,-0.00022388165852753404,-2.5991959167425347,0.041739879870071606
474,1.0,2454060.0,37.26807252516222,-10.804456474083839,-1.9620808851519307,0.2832366874196314,0.8005999527963973,-0.5888503864022029,6.091523913106581,-0.1053433553819291,7.251330512596095,0.17192783382330531,6.185594617533342,-0.00022388165852753404,-2.5991959167425347,0.041739879870071606
475,1.0,2453960.0,40.64674314574312,-22.28995998566146,0.05918641981181211,0.259932282679198,0.8983588742180689,0.030302623425362975,6.091523913106581,-0.1053433553819291,7.251330512596095,0.17192783382330531,6.185594617533342,-0.00022388165852753404,-2.5991959167425347,0.041739879870071606
476,1.0,2457250.0,40.4711336099905,-11.616661227414756,-0.9052249853531382,0.2629872381103644,0.9362529498793595,-0.005273685082793392,6.091523913106581,-0.1053433553819291,7.251330512596095,0.17192783382330531,6.185594617533342,-0.00022388165852753404,-2.5991959167425347,0.041739879870071606
477,1.0,2453910.0,38.265825298154695,-19.486979229232134,-0.656796101872806,0.4699596537387903,0.8311617927739658,-0.022345158019690645,6.091523913106581,-0.1053433553819291,7.251330512596095,0.17192783382330531,6.185594617533342,-0.00022388165852753404,-2.5991959167425347,0.041739879870071606
478,1.0,2453890.0,38.51987424078521,-19.38583714180094,-1.5345781603463262,0.457126078682965,0.837111686465377,-0.03815221613201753,6.091523913106581,-0.1053433553819291,7.251330512596095,0.17192783382330531,6.185594617533342,-0.00022388165852753404,-2.5991959167425347,0.041739879870071606
479,1.0,2453400.0,41.19215000113514,17.340871481784617,-1.07225215080953,-0.3416474029877937,0.8546477195899109,0.010407788863143202,6.091523913106581,-0.1053433553819291,7.251330512596095,0.17192783382330531,6.185594617533342,-0.00022388165852753404,-2.5991959167425347,0.041739879870071606
480,1.0,2453870.0,39.29970663706685,18.545902835253255,-0.5562535623451137,-0.36545137089534135,0.8969039832613125,0.006712800726482706,6.091523913106581,-0.1053433553819291,7.251330512596095,0.17192783382330531,6.185594617533342,-0.00022388165852753404,-2.5991959167425347,0.041739879870071606
481,1.0,2454320.0,24.473607655674744,25.509387411610188,1.7186006223395252,-0.7136505059414887,0.8477686293843405,0.004655439048686645,6.091523913106581,-0.1053433553819291,7.251330512596095,0.17192783382330531,6.185594617533342,-0.00022388165852753404,-2.5991959167425347,0.041739879870071606
482,1.0,2454420.0,17.64084114148716,43.844707510764614,2.5359134943108996,-0.8261201470504109,0.3101857834491817,0.014915865369994277,6.091523913106581,-0.1053433553819291,7.251330512596095,0.17192783382330531,6.185594617533342,-0.00022388165852753404,-2.5991959167425347,0.041739879870071606
483,1.0,2454060.0,14.006574960993063,40.3473346426507,1.7570825302310293,-0.8433397021030039,0.40750892331361194,-0.32410629544322617,6.091523913106581,-0.1053433553819291,7.251330512596095,0.17192783382330531,6.185594617533342,-0.00022388165852753404,-2.5991959167425347,0.041739879870071606
484,1.0,2458230.0,-0.8784216408544037,43.60398763754739,-1.2567485246430108,-0.9519557198410217,-0.07683875404417875,0.01383056666340129,6.091523913106581,-0.1053433553819291,7.251330512596095,0.17192783382330531,6.185594617533342,-0.00022388165852753404,-2.5991959167425347,0.041739879870071606
485,1.0,2456480.0,12.190164355903498,41.199387464007415,0.8611580258238665,-0.907629575879997,0.2975220238897734,-0.0023767300394204128,6.091523913106581,-0.1053433553819291,7.251330512596095,0.17192783382330531,6.185594617533342,-0.00022388165852753404,-2.5991959167425347,0.041739879870071606
486,1.0,2454170.0,32.32708539169548,17.149816978494293,-0.9052662657258581,-0.61402698157775,0.9176874755745018,-0.034053532091305745,6.091523913106581,-0.1053433553819291,7.251330512596095,0.17192783382330531,6.185594617533342,-0.00022388165852753404,-2.5991959167425347,0.041739879870071606
487,1.0,2453540.0,24.222852140416894,18.865906307348894,0.6949658593328233,-0.7852494455791984,0.974856576200214,-0.005937664013890303,6.091523913106581,-0.1053433553819291,7.251330512596095,0.17192783382330531,6.185594617533342,-0.00022388165852753404,-2.5991959167425347,0.041739879870071606
488,1.0,2456080.0,1.3940347688642234,41.81795038821181,0.646102111997495,-0.9851234245452141,0.06208374197546154,0.04160325655385849,6.091523913106581,-0.1053433553819291,7.251330512596095,0.17192783382330531,6.185594617533342,-0.00022388165852753404,-2.5991959167425347,0.041739879870071606
489,1.0,2457160.0,-18.777386716512023,43.39785296572475,2.244264086963886,-0.7871506184487126,-0.38741179383819263,0.06216287248899555,6.091523913106581,-0.1053433553819291,7.251330512596095,0.17192783382330531,6.185594617533342,-0.00022388165852753404,-2.5991959167425347,0.041739879870071606
490,1.0,2457140.0,0.909021855278535,38.15264507667075,8.43557976861573,-1.0016361355816956,-0.11832269082500814,0.05113965715249538,6.091523913106581,-0.1053433553819291,7.251330512596095,0.17192783382330531,6.185594617533342,-0.00022388165852753404,-2.5991959167425347,0.041739879870071606
491,0.0,0.0,0.0,0.0,0.0,0.0,0.0,0.0,6.091523913106581,-0.1053433553819291,7.251330512596095,0.17192783382330531,6.185594617533342,-0.00022388165852753404,-2.5991959167425347,0.041739879870071606
492,0.0,0.0,0.0,0.0,0.0,0.0,0.0,0.0,6.091523913106581,-0.1053433553819291,7.251330512596095,0.17192783382330531,6.185594617533342,-0.00022388165852753404,-2.5991959167425347,0.041739879870071606
493,0.0,0.0,0.0,0.0,0.0,0.0,0.0,0.0,6.091523913106581,-0.1053433553819291,7.251330512596095,0.17192783382330531,6.185594617533342,-0.00022388165852753404,-2.5991959167425347,0.041739879870071606
494,0.0,0.0,0.0,0.0,0.0,0.0,0.0,0.0,6.091523913106581,-0.1053433553819291,7.251330512596095,0.17192783382330531,6.185594617533342,-0.00022388165852753404,-2.5991959167425347,0.041739879870071606
495,0.0,0.0,0.0,0.0,0.0,0.0,0.0,0.0,6.091523913106581,-0.1053433553819291,7.251330512596095,0.17192783382330531,6.185594617533342,-0.00022388165852753404,-2.5991959167425347,0.041739879870071606
496,0.0,0.0,0.0,0.0,0.0,0.0,0.0,0.0,6.091523913106581,-0.1053433553819291,7.251330512596095,0.17192783382330531,6.185594617533342,-0.00022388165852753404,-2.5991959167425347,0.041739879870071606
497,0.0,0.0,0.0,0.0,0.0,0.0,0.0,0.0,6.091523913106581,-0.1053433553819291,7.251330512596095,0.17192783382330531,6.185594617533342,-0.00022388165852753404,-2.5991959167425347,0.041739879870071606
498,0.0,0.0,0.0,0.0,0.0,0.0,0.0,0.0,6.091523913106581,-0.1053433553819291,7.251330512596095,0.17192783382330531,6.185594617533342,-0.00022388165852753404,-2.5991959167425347,0.041739879870071606
499,0.0,0.0,0.0,0.0,0.0,0.0,0.0,0.0,6.091523913106581,-0.1053433553819291,7.251330512596095,0.17192783382330531,6.185594617533342,-0.00022388165852753404,-2.5991959167425347,0.041739879870071606
500,0.0,0.0,0.0,0.0,0.0,0.0,0.0,0.0,6.091523913106581,-0.1053433553819291,7.251330512596095,0.17192783382330531,6.185594617533342,-0.00022388165852753404,-2.5991959167425347,0.041739879870071606
501,0.0,0.0,0.0,0.0,0.0,0.0,0.0,0.0,6.091523913106581,-0.1053433553819291,7.251330512596095,0.17192783382330531,6.185594617533342,-0.00022388165852753404,-2.5991959167425347,0.041739879870071606
502,0.0,0.0,0.0,0.0,0.0,0.0,0.0,0.0,6.091523913106581,-0.1053433553819291,7.251330512596095,0.17192783382330531,6.185594617533342,-0.00022388165852753404,-2.5991959167425347,0.041739879870071606
503,0.0,0.0,0.0,0.0,0.0,0.0,0.0,0.0,6.091523913106581,-0.1053433553819291,7.251330512596095,0.17192783382330531,6.185594617533342,-0.00022388165852753404,-2.5991959167425347,0.041739879870071606
504,0.0,0.0,0.0,0.0,0.0,0.0,0.0,0.0,6.091523913106581,-0.1053433553819291,7.251330512596095,0.17192783382330531,6.185594617533342,-0.00022388165852753404,-2.5991959167425347,0.041739879870071606
505,0.0,0.0,0.0,0.0,0.0,0.0,0.0,0.0,6.091523913106581,-0.1053433553819291,7.251330512596095,0.17192783382330531,6.185594617533342,-0.00022388165852753404,-2.5991959167425347,0.041739879870071606
506,0.0,0.0,0.0,0.0,0.0,0.0,0.0,0.0,6.091523913106581,-0.1053433553819291,7.251330512596095,0.17192783382330531,6.185594617533342,-0.00022388165852753404,-2.5991959167425347,0.041739879870071606
507,0.0,0.0,0.0,0.0,0.0,0.0,0.0,0.0,6.091523913106581,-0.1053433553819291,7.251330512596095,0.17192783382330531,6.185594617533342,-0.00022388165852753404,-2.5991959167425347,0.041739879870071606
508,0.0,0.0,0.0,0.0,0.0,0.0,0.0,0.0,6.091523913106581,-0.1053433553819291,7.251330512596095,0.17192783382330531,6.185594617533342,-0.00022388165852753404,-2.5991959167425347,0.041739879870071606
509,0.0,0.0,0.0,0.0,0.0,0.0,0.0,0.0,6.091523913106581,-0.1053433553819291,7.251330512596095,0.17192783382330531,6.185594617533342,-0.00022388165852753404,-2.5991959167425347,0.041739879870071606
510,0.0,0.0,0.0,0.0,0.0,0.0,0.0,0.0,6.091523913106581,-0.1053433553819291,7.251330512596095,0.17192783382330531,6.185594617533342,-0.00022388165852753404,-2.5991959167425347,0.041739879870071606
511,0.0,0.0,0.0,0.0,0.0,0.0,0.0,0.0,6.091523913106581,-0.1053433553819291,7.251330512596095,0.17192783382330531,6.185594617533342,-0.00022388165852753404,-2.5991959167425347,0.041739879870071606
512,0.0,0.0,0.0,0.0,0.0,0.0,0.0,0.0,6.091523913106581,-0.1053433553819291,7.251330512596095,0.17192783382330531,6.185594617533342,-0.00022388165852753404,-2.5991959167425347,0.041739879870071606
513,0.0,0.0,0.0,0.0,0.0,0.0,0.0,0.0,6.091523913106581,-0.1053433553819291,7.251330512596095,0.17192783382330531,6.185594617533342,-0.00022388165852753404,-2.5991959167425347,0.041739879870071606
514,0.0,0.0,0.0,0.0,0.0,0.0,0.0,0.0,6.091523913106581,-0.1053433553819291,7.251330512596095,0.17192783382330531,6.185594617533342,-0.00022388165852753404,-2.5991959167425347,0.041739879870071606
515,0.0,0.0,0.0,0.0,0.0,0.0,0.0,0.0,6.091523913106581,-0.1053433553819291,7.251330512596095,0.17192783382330531,6.185594617533342,-0.00022388165852753404,-2.5991959167425347,0.041739879870071606
516,0.0,0.0,0.0,0.0,0.0,0.0,0.0,0.0,6.091523913106581,-0.1053433553819291,7.251330512596095,0.17192783382330531,6.185594617533342,-0.00022388165852753404,-2.5991959167425347,0.041739879870071606
517,0.0,0.0,0.0,0.0,0.0,0.0,0.0,0.0,6.091523913106581,-0.1053433553819291,7.251330512596095,0.17192783382330531,6.185594617533342,-0.00022388165852753404,-2.5991959167425347,0.041739879870071606
518,0.0,0.0,0.0,0.0,0.0,0.0,0.0,0.0,6.091523913106581,-0.1053433553819291,7.251330512596095,0.17192783382330531,6.185594617533342,-0.00022388165852753404,-2.5991959167425347,0.041739879870071606
519,0.0,0.0,0.0,0.0,0.0,0.0,0.0,0.0,6.091523913106581,-0.1053433553819291,7.251330512596095,0.17192783382330531,6.185594617533342,-0.00022388165852753404,-2.5991959167425347,0.041739879870071606
520,0.0,0.0,0.0,0.0,0.0,0.0,0.0,0.0,6.091523913106581,-0.1053433553819291,7.251330512596095,0.17192783382330531,6.185594617533342,-0.00022388165852753404,-2.5991959167425347,0.041739879870071606
521,0.0,0.0,0.0,0.0,0.0,0.0,0.0,0.0,6.091523913106581,-0.1053433553819291,7.251330512596095,0.17192783382330531,6.185594617533342,-0.00022388165852753404,-2.5991959167425347,0.041739879870071606
522,0.0,0.0,0.0,0.0,0.0,0.0,0.0,0.0,6.091523913106581,-0.1053433553819291,7.251330512596095,0.17192783382330531,6.185594617533342,-0.00022388165852753404,-2.5991959167425347,0.041739879870071606
523,0.0,0.0,0.0,0.0,0.0,0.0,0.0,0.0,6.091523913106581,-0.1053433553819291,7.251330512596095,0.17192783382330531,6.185594617533342,-0.00022388165852753404,-2.5991959167425347,0.041739879870071606
524,0.0,0.0,0.0,0.0,0.0,0.0,0.0,0.0,6.091523913106581,-0.1053433553819291,7.251330512596095,0.17192783382330531,6.185594617533342,-0.00022388165852753404,-2.5991959167425347,0.041739879870071606
525,0.0,0.0,0.0,0.0,0.0,0.0,0.0,0.0,6.091523913106581,-0.1053433553819291,7.251330512596095,0.17192783382330531,6.185594617533342,-0.00022388165852753404,-2.5991959167425347,0.041739879870071606
526,0.0,0.0,0.0,0.0,0.0,0.0,0.0,0.0,6.091523913106581,-0.1053433553819291,7.251330512596095,0.17192783382330531,6.185594617533342,-0.00022388165852753404,-2.5991959167425347,0.041739879870071606
527,0.0,0.0,0.0,0.0,0.0,0.0,0.0,0.0,6.091523913106581,-0.1053433553819291,7.251330512596095,0.17192783382330531,6.185594617533342,-0.00022388165852753404,-2.5991959167425347,0.041739879870071606
528,0.0,0.0,0.0,0.0,0.0,0.0,0.0,0.0,6.091523913106581,-0.1053433553819291,7.251330512596095,0.17192783382330531,6.185594617533342,-0.00022388165852753404,-2.5991959167425347,0.041739879870071606
529,0.0,0.0,0.0,0.0,0.0,0.0,0.0,0.0,6.091523913106581,-0.1053433553819291,7.251330512596095,0.17192783382330531,6.185594617533342,-0.00022388165852753404,-2.5991959167425347,0.041739879870071606
530,0.0,0.0,0.0,0.0,0.0,0.0,0.0,0.0,6.091523913106581,-0.1053433553819291,7.251330512596095,0.17192783382330531,6.185594617533342,-0.00022388165852753404,-2.5991959167425347,0.041739879870071606
531,0.0,0.0,0.0,0.0,0.0,0.0,0.0,0.0,6.091523913106581,-0.1053433553819291,7.251330512596095,0.17192783382330531,6.185594617533342,-0.00022388165852753404,-2.5991959167425347,0.041739879870071606
532,0.0,0.0,0.0,0.0,0.0,0.0,0.0,0.0,6.091523913106581,-0.1053433553819291,7.251330512596095,0.17192783382330531,6.185594617533342,-0.00022388165852753404,-2.5991959167425347,0.041739879870071606
533,0.0,0.0,0.0,0.0,0.0,0.0,0.0,0.0,6.091523913106581,-0.1053433553819291,7.251330512596095,0.17192783382330531,6.185594617533342,-0.00022388165852753404,-2.5991959167425347,0.041739879870071606
534,0.0,0.0,0.0,0.0,0.0,0.0,0.0,0.0,6.091523913106581,-0.1053433553819291,7.251330512596095,0.17192783382330531,6.185594617533342,-0.00022388165852753404,-2.5991959167425347,0.041739879870071606
535,0.0,0.0,0.0,0.0,0.0,0.0,0.0,0.0,6.091523913106581,-0.1053433553819291,7.251330512596095,0.17192783382330531,6.185594617533342,-0.00022388165852753404,-2.5991959167425347,0.041739879870071606
536,0.0,0.0,0.0,0.0,0.0,0.0,0.0,0.0,6.091523913106581,-0.1053433553819291,7.251330512596095,0.17192783382330531,6.185594617533342,-0.00022388165852753404,-2.5991959167425347,0.041739879870071606
537,0.0,0.0,0.0,0.0,0.0,0.0,0.0,0.0,6.091523913106581,-0.1053433553819291,7.251330512596095,0.17192783382330531,6.185594617533342,-0.00022388165852753404,-2.5991959167425347,0.041739879870071606
538,0.0,0.0,0.0,0.0,0.0,0.0,0.0,0.0,6.091523913106581,-0.1053433553819291,7.251330512596095,0.17192783382330531,6.185594617533342,-0.00022388165852753404,-2.5991959167425347,0.041739879870071606
539,0.0,0.0,0.0,0.0,0.0,0.0,0.0,0.0,6.091523913106581,-0.1053433553819291,7.251330512596095,0.17192783382330531,6.185594617533342,-0.00022388165852753404,-2.5991959167425347,0.041739879870071606
540,0.0,0.0,0.0,0.0,0.0,0.0,0.0,0.0,6.091523913106581,-0.1053433553819291,7.251330512596095,0.17192783382330531,6.185594617533342,-0.00022388165852753404,-2.5991959167425347,0.041739879870071606
541,0.0,0.0,0.0,0.0,0.0,0.0,0.0,0.0,6.091523913106581,-0.1053433553819291,7.251330512596095,0.17192783382330531,6.185594617533342,-0.00022388165852753404,-2.5991959167425347,0.041739879870071606
542,0.0,0.0,0.0,0.0,0.0,0.0,0.0,0.0,6.091523913106581,-0.1053433553819291,7.251330512596095,0.17192783382330531,6.185594617533342,-0.00022388165852753404,-2.5991959167425347,0.041739879870071606
543,0.0,0.0,0.0,0.0,0.0,0.0,0.0,0.0,6.091523913106581,-0.1053433553819291,7.251330512596095,0.17192783382330531,6.185594617533342,-0.00022388165852753404,-2.5991959167425347,0.041739879870071606
544,0.0,0.0,0.0,0.0,0.0,0.0,0.0,0.0,6.091523913106581,-0.1053433553819291,7.251330512596095,0.17192783382330531,6.185594617533342,-0.00022388165852753404,-2.5991959167425347,0.041739879870071606
545,0.0,0.0,0.0,0.0,0.0,0.0,0.0,0.0,6.091523913106581,-0.1053433553819291,7.251330512596095,0.17192783382330531,6.185594617533342,-0.00022388165852753404,-2.5991959167425347,0.041739879870071606
546,0.0,0.0,0.0,0.0,0.0,0.0,0.0,0.0,6.091523913106581,-0.1053433553819291,7.251330512596095,0.17192783382330531,6.185594617533342,-0.00022388165852753404,-2.5991959167425347,0.041739879870071606
547,0.0,0.0,0.0,0.0,0.0,0.0,0.0,0.0,6.091523913106581,-0.1053433553819291,7.251330512596095,0.17192783382330531,6.185594617533342,-0.00022388165852753404,-2.5991959167425347,0.041739879870071606
548,0.0,0.0,0.0,0.0,0.0,0.0,0.0,0.0,6.091523913106581,-0.1053433553819291,7.251330512596095,0.17192783382330531,6.185594617533342,-0.00022388165852753404,-2.5991959167425347,0.041739879870071606
549,0.0,0.0,0.0,0.0,0.0,0.0,0.0,0.0,6.091523913106581,-0.1053433553819291,7.251330512596095,0.17192783382330531,6.185594617533342,-0.00022388165852753404,-2.5991959167425347,0.041739879870071606
550,0.0,0.0,0.0,0.0,0.0,0.0,0.0,0.0,6.091523913106581,-0.1053433553819291,7.251330512596095,0.17192783382330531,6.185594617533342,-0.00022388165852753404,-2.5991959167425347,0.041739879870071606
551,0.0,0.0,0.0,0.0,0.0,0.0,0.0,0.0,6.091523913106581,-0.1053433553819291,7.251330512596095,0.17192783382330531,6.185594617533342,-0.00022388165852753404,-2.5991959167425347,0.041739879870071606
552,0.0,0.0,0.0,0.0,0.0,0.0,0.0,0.0,6.091523913106581,-0.1053433553819291,7.251330512596095,0.17192783382330531,6.185594617533342,-0.00022388165852753404,-2.5991959167425347,0.041739879870071606
553,0.0,0.0,0.0,0.0,0.0,0.0,0.0,0.0,6.091523913106581,-0.1053433553819291,7.251330512596095,0.17192783382330531,6.185594617533342,-0.00022388165852753404,-2.5991959167425347,0.041739879870071606
554,0.0,0.0,0.0,0.0,0.0,0.0,0.0,0.0,6.091523913106581,-0.1053433553819291,7.251330512596095,0.17192783382330531,6.185594617533342,-0.00022388165852753404,-2.5991959167425347,0.041739879870071606
555,0.0,0.0,0.0,0.0,0.0,0.0,0.0,0.0,6.091523913106581,-0.1053433553819291,7.251330512596095,0.17192783382330531,6.185594617533342,-0.00022388165852753404,-2.5991959167425347,0.041739879870071606
556,0.0,0.0,0.0,0.0,0.0,0.0,0.0,0.0,6.091523913106581,-0.1053433553819291,7.251330512596095,0.17192783382330531,6.185594617533342,-0.00022388165852753404,-2.5991959167425347,0.041739879870071606
557,0.0,0.0,0.0,0.0,0.0,0.0,0.0,0.0,6.091523913106581,-0.1053433553819291,7.251330512596095,0.17192783382330531,6.185594617533342,-0.00022388165852753404,-2.5991959167425347,0.041739879870071606
558,0.0,0.0,0.0,0.0,0.0,0.0,0.0,0.0,6.091523913106581,-0.1053433553819291,7.251330512596095,0.17192783382330531,6.185594617533342,-0.00022388165852753404,-2.5991959167425347,0.041739879870071606
559,0.0,0.0,0.0,0.0,0.0,0.0,0.0,0.0,6.091523913106581,-0.1053433553819291,7.251330512596095,0.17192783382330531,6.185594617533342,-0.00022388165852753404,-2.5991959167425347,0.041739879870071606
560,0.0,0.0,0.0,0.0,0.0,0.0,0.0,0.0,6.091523913106581,-0.1053433553819291,7.251330512596095,0.17192783382330531,6.185594617533342,-0.00022388165852753404,-2.5991959167425347,0.041739879870071606
561,0.0,0.0,0.0,0.0,0.0,0.0,0.0,0.0,6.091523913106581,-0.1053433553819291,7.251330512596095,0.17192783382330531,6.185594617533342,-0.00022388165852753404,-2.5991959167425347,0.041739879870071606
562,0.0,0.0,0.0,0.0,0.0,0.0,0.0,0.0,6.091523913106581,-0.1053433553819291,7.251330512596095,0.17192783382330531,6.185594617533342,-0.00022388165852753404,-2.5991959167425347,0.041739879870071606
563,1.0,2454650.0,-39.51148477148121,30.441923915820034,0.4096529257951249,-0.4799596133599948,-0.7055896998955747,0.05158998645296568,6.091523913106581,-0.1053433553819291,7.251330512596095,0.17192783382330531,6.185594617533342,-0.00022388165852753404,-2.5991959167425347,0.041739879870071606
564,1.0,2455320.0,-43.98449712978936,1.0541231884667397,1.691216182198463,-0.046236681162451394,-0.9336949643404427,0.011885118210271592,6.091523913106581,-0.1053433553819291,7.251330512596095,0.17192783382330531,6.185594617533342,-0.00022388165852753404,-2.5991959167425347,0.041739879870071606
565,1.0,2453550.0,-32.984798429659264,-5.592787309799029,0.8697369455259687,0.39895742142018137,-1.0833631542973687,-0.18938560857844153,6.091523913106581,-0.1053433553819291,7.251330512596095,0.17192783382330531,6.185594617533342,-0.00022388165852753404,-2.5991959167425347,0.041739879870071606
566,1.0,2453160.0,-39.55165973848074,-17.314812569412247,4.091944638473649,0.42033765566328357,-0.8498520449672198,0.1405990498338611,6.091523913106581,-0.1053433553819291,7.251330512596095,0.17192783382330531,6.185594617533342,-0.00022388165852753404,-2.5991959167425347,0.041739879870071606
567,1.0,2454120.0,-39.352319185375805,-11.141061278952499,0.920693162881562,0.3794738160442442,-0.9572437234364453,-0.06074208426025871,6.091523913106581,-0.1053433553819291,7.251330512596095,0.17192783382330531,6.185594617533342,-0.00022388165852753404,-2.5991959167425347,0.041739879870071606
568,1.0,2454920.0,-36.838336232286885,-20.566604032005102,2.685929374444894,0.31094271847238664,-0.8557339257573676,0.1964485298482862,6.091523913106581,-0.1053433553819291,7.251330512596095,0.17192783382330531,6.185594617533342,-0.00022388165852753404,-2.5991959167425347,0.041739879870071606
569,1.0,2457180.0,-20.58414929614906,-24.67975846454995,5.133402676611284,1.020857269124391,-0.5685626454438161,0.25509946845114007,6.091523913106581,-0.1053433553819291,7.251330512596095,0.17192783382330531,6.185594617533342,-0.00022388165852753404,-2.5991959167425347,0.041739879870071606
570,1.0,2455200.0,-28.959912004867427,-16.522714733330957,1.0877030279660538,0.5555147847221407,-1.011904376035345,0.18232155717822957,6.091523913106581,-0.1053433553819291,7.251330512596095,0.17192783382330531,6.185594617533342,-0.00022388165852753404,-2.5991959167425347,0.041739879870071606
571,1.0,2453840.0,-34.57750663734534,-17.771250130475735,1.1205796129211476,0.20505976622551159,-0.9175572396250633,0.385458879519588,6.091523913106581,-0.1053433553819291,7.251330512596095,0.17192783382330531,6.185594617533342,-0.00022388165852753404,-2.5991959167425347,0.041739879870071606
572,1.0,2453560.0,-27.535596217894046,-15.83679593922365,0.7975772382475665,0.7361493799104032,-0.9708466301137036,-0.05105840129655092,6.091523913106581,-0.1053433553819291,7.251330512596095,0.17192783382330531,6.185594617533342,-0.00022388165852753404,-2.5991959167425347,0.041739879870071606
573,1.0,2453770.0,-24.432358876954943,-30.372959410138915,0.29213839612854875,0.835410115608383,-0.6948511325135014,-0.026016953784646673,6.091523913106581,-0.1053433553819291,7.251330512596095,0.17192783382330531,6.185594617533342,-0.00022388165852753404,-2.5991959167425347,0.041739879870071606
574,1.0,2453770.0,-29.834343998297708,-36.71168954329187,1.0233963621042885,0.7060706396940788,-0.5622342952299081,0.0062123470105064586,6.091523913106581,-0.1053433553819291,7.251330512596095,0.17192783382330531,6.185594617533342,-0.00022388165852753404,-2.5991959167425347,0.041739879870071606
575,1.0,2453710.0,-26.57184657858804,-29.863768943912333,0.5393190499360382,0.774772412893167,-0.6978955561436937,-0.05428685587488304,6.091523913106581,-0.1053433553819291,7.251330512596095,0.17192783382330531,6.185594617533342,-0.00022388165852753404,-2.5991959167425347,0.041739879870071606
576,1.0,2453570.0,-28.491452023018194,-32.47475449264559,0.35774221906694936,0.7299578758333004,-0.6350303164767557,-0.06019498782286761,6.091523913106581,-0.1053433553819291,7.251330512596095,0.17192783382330531,6.185594617533342,-0.00022388165852753404,-2.5991959167425347,0.041739879870071606
577,1.0,2454030.0,-25.67073284009679,-34.50286000530904,1.2429898724333754,0.7994686455925359,-0.5195752766784264,0.13929878163399598,6.091523913106581,-0.1053433553819291,7.251330512596095,0.17192783382330531,6.185594617533342,-0.00022388165852753404,-2.5991959167425347,0.041739879870071606
578,1.0,2454190.0,-35.40733756236172,-20.96583912912495,0.867362818501271,0.557842819462636,-0.8444094455691508,-0.0278993738813491,6.091523913106581,-0.1053433553819291,7.251330512596095,0.17192783382330531,6.185594617533342,-0.00022388165852753404,-2.5991959167425347,0.041739879870071606
579,1.0,2453640.0,-35.07462472080347,-19.44690797758018,1.3693842652805648,0.4303651275844942,-0.8751257700108342,0.2922865342554791,6.091523913106581,-0.1053433553819291,7.251330512596095,0.17192783382330531,6.185594617533342,-0.00022388165852753404,-2.5991959167425347,0.041739879870071606
580,1.0,2454530.0,-32.38889172443956,-20.328853548572322,0.21831736839048813,0.47541024906115203,-0.8709987810446649,0.019746913283324143,6.091523913106581,-0.1053433553819291,7.251330512596095,0.17192783382330531,6.185594617533342,-0.00022388165852753404,-2.5991959167425347,0.041739879870071606
581,1.0,2457190.0,-25.29240859410163,-25.48422857302886,-1.59180509147803,0.876005392834307,-0.721398839695199,-0.22297777452652734,6.091523913106581,-0.1053433553819291,7.251330512596095,0.17192783382330531,6.185594617533342,-0.00022388165852753404,-2.5991959167425347,0.041739879870071606
582,1.0,2454230.0,-33.11151203879579,-21.15302543315663,0.9629482408552652,0.6404495857716671,-0.8800379065757471,0.0316977794772419,6.091523913106581,-0.1053433553819291,7.251330512596095,0.17192783382330531,6.185594617533342,-0.00022388165852753404,-2.5991959167425347,0.041739879870071606
583,1.0,2453680.0,-19.12079910260175,-27.49823904755891,1.0613170933214666,0.9445398799821662,-0.6037318489916058,0.3230246796484156,6.091523913106581,-0.1053433553819291,7.251330512596095,0.17192783382330531,6.185594617533342,-0.00022388165852753404,-2.5991959167425347,0.041739879870071606
584,1.0,2453870.0,-27.92712531689756,-15.005587234928,-0.3782655590521915,0.6002418334434141,-1.0312095621593103,-0.26479497402751767,6.091523913106581,-0.1053433553819291,7.251330512596095,0.17192783382330531,6.185594617533342,-0.00022388165852753404,-2.5991959167425347,0.041739879870071606
585,1.0,2453690.0,-30.863859417328126,-15.732850136272983,-0.17917381147750167,0.5871553670560758,-0.9365151862181615,-0.2593066366373491,6.091523913106581,-0.1053433553819291,7.251330512596095,0.17192783382330531,6.185594617533342,-0.00022388165852753404,-2.5991959167425347,0.041739879870071606
586,1.0,2453620.0,-25.536032948313366,-29.715461302609214,-1.1289978674719507,0.8630159765971176,-0.441578166356647,-0.2823779484534172,6.091523913106581,-0.1053433553819291,7.251330512596095,0.17192783382330531,6.185594617533342,-0.00022388165852753404,-2.5991959167425347,0.041739879870071606
587,1.0,2453800.0,-17.122599340461523,-24.781131948807705,-0.27137823016726903,1.0701862653287537,-0.6803066926877964,0.12476529379788719,6.091523913106581,-0.1053433553819291,7.251330512596095,0.17192783382330531,6.185594617533342,-0.00022388165852753404,-2.5991959167425347,0.041739879870071606
588,1.0,2453440.0,-22.245081814850955,-31.86664169519967,-1.1111707519314722,0.8171453631527523,-0.5788622918770066,-0.023783388959752173,6.091523913106581,-0.1053433553819291,7.251330512596095,0.17192783382330531,6.185594617533342,-0.00022388165852753404,-2.5991959167425347,0.041739879870071606
589,1.0,2456900.0,-20.839826769866917,-37.48219273144819,-0.6899815019753051,0.8325885152820006,-0.5075632191264683,0.01194110831771927,6.091523913106581,-0.1053433553819291,7.251330512596095,0.17192783382330531,6.185594617533342,-0.00022388165852753404,-2.5991959167425347,0.041739879870071606
590,1.0,2453700.0,-26.228539259436186,-32.04050222302077,-0.07775798162492166,0.7894539297020462,-0.6281928089490313,-0.00018745536927914394,6.091523913106581,-0.1053433553819291,7.251330512596095,0.17192783382330531,6.185594617533342,-0.00022388165852753404,-2.5991959167425347,0.041739879870071606
591,1.0,2453620.0,-27.058354547870284,-32.605651606375815,-0.6625459698849899,0.7470542639950047,-0.6312668654131589,0.005885786227226939,6.091523913106581,-0.1053433553819291,7.251330512596095,0.17192783382330531,6.185594617533342,-0.00022388165852753404,-2.5991959167425347,0.041739879870071606
592,1.0,2453840.0,-26.827614660147752,-34.56086703617819,-0.4177238491152231,0.5347779369383912,-0.5290137545620582,0.5248158756536635,6.091523913106581,-0.1053433553819291,7.251330512596095,0.17192783382330531,6.185594617533342,-0.00022388165852753404,-2.5991959167425347,0.041739879870071606
593,1.0,2456900.0,-12.927649745480277,-34.47777448827321,3.7146586642758264,1.0257449292283336,-0.2107230679271367,0.44185505735528924,6.091523913106581,-0.1053433553819291,7.251330512596095,0.17192783382330531,6.185594617533342,-0.00022388165852753404,-2.5991959167425347,0.041739879870071606
594,1.0,2453600.0,-28.63249415255903,-36.19537045297027,-0.4032981875183579,0.6251879073068806,-0.6236559563058042,0.06736268000634854,6.091523913106581,-0.1053433553819291,7.251330512596095,0.17192783382330531,6.185594617533342,-0.00022388165852753404,-2.5991959167425347,0.041739879870071606
595,1.0,2453650.0,-18.119046312152346,-28.613554071600948,-0.7192882062290168,1.0157431952134164,-0.6916443527558986,0.02416006799800096,6.091523913106581,-0.1053433553819291,7.251330512596095,0.17192783382330531,6.185594617533342,-0.00022388165852753404,-2.5991959167425347,0.041739879870071606
596,1.0,2455850.0,6.200139612177667,-45.06474385690338,1.106291567973126,0.9180810293013799,0.20189067218479184,-0.04532927095110473,6.091523913106581,-0.1053433553819291,7.251330512596095,0.17192783382330531,6.185594617533342,-0.00022388165852753404,-2.5991959167425347,0.041739879870071606
597,1.0,2453580.0,8.481138409559664,-26.544240422591393,-0.06345707329346806,1.2819094211660056,0.3261663693056583,0.28653804266519517,6.091523913106581,-0.1053433553819291,7.251330512596095,0.17192783382330531,6.185594617533342,-0.00022388165852753404,-2.5991959167425347,0.041739879870071606
598,1.0,2453860.0,13.885904008993938,-42.71488626802669,-0.6227536781141638,0.8755616261846462,0.2770603129732461,-0.033613282271009785,6.091523913106581,-0.1053433553819291,7.251330512596095,0.17192783382330531,6.185594617533342,-0.00022388165852753404,-2.5991959167425347,0.041739879870071606
599,1.0,2453900.0,17.994749787143466,-44.61175000396601,-0.11678838772348876,0.7972431077723179,0.3535694061709881,-0.054360206488767195,6.091523913106581,-0.1053433553819291,7.251330512596095,0.17192783382330531,6.185594617533342,-0.00022388165852753404,-2.5991959167425347,0.041739879870071606
600,1.0,2457160.0,23.537502118654444,-30.530117978084583,-5.922855377003913,0.7430684824846443,0.6401194156770795,-0.47307241104283543,6.091523913106581,-0.1053433553819291,7.251330512596095,0.17192783382330531,6.185594617533342,-0.00022388165852753404,-2.5991959167425347,0.041739879870071606
601,1.0,2453510.0,19.019376796057678,-39.96483874296619,-3.5701683391887062,0.9272779494740335,0.22333929873273667,-0.394481062462494,6.091523913106581,-0.1053433553819291,7.251330512596095,0.17192783382330531,6.185594617533342,-0.00022388165852753404,-2.5991959167425347,0.041739879870071606
602,1.0,2457580.0,20.479870261921235,-31.853637959569056,3.7604440480201418,0.747621492705242,0.5885673259766043,0.38099689618557625,6.091523913106581,-0.1053433553819291,7.251330512596095,0.17192783382330531,6.185594617533342,-0.00022388165852753404,-2.5991959167425347,0.041739879870071606
603,1.0,2454320.0,15.817926512508848,-36.92915966634421,-0.2913748947187771,0.8919807864923496,0.49039096749173083,-0.17248186073597346,6.091523913106581,-0.1053433553819291,7.251330512596095,0.17192783382330531,6.185594617533342,-0.00022388165852753404,-2.5991959167425347,0.041739879870071606
604,1.0,2456660.0,34.531374375881256,-3.449586189843737,-5.7068852701937045,-0.05694517645322905,0.9523345579581081,-0.5661905053921296,6.091523913106581,-0.1053433553819291,7.251330512596095,0.17192783382330531,6.185594617533342,-0.00022388165852753404,-2.5991959167425347,0.041739879870071606
605,1.0,2454730.0,41.628493914844626,-10.818580428580612,-4.892682181873569,0.10272923852341238,0.9207550757948029,-0.3052781185791096,6.091523913106581,-0.1053433553819291,7.251330512596095,0.17192783382330531,6.185594617533342,-0.00022388165852753404,-2.5991959167425347,0.041739879870071606
606,1.0,2454000.0,30.698380570799404,-21.533511171970282,-1.45718199557093,0.6782561483857804,0.7763753769519791,-0.47033956914078573,6.091523913106581,-0.1053433553819291,7.251330512596095,0.17192783382330531,6.185594617533342,-0.00022388165852753404,-2.5991959167425347,0.041739879870071606
607,1.0,2453750.0,27.479249814890917,-33.89893824923071,-0.7337034056254086,0.7568787613619767,0.5636846080245168,0.012188862094623554,6.091523913106581,-0.1053433553819291,7.251330512596095,0.17192783382330531,6.185594617533342,-0.00022388165852753404,-2.5991959167425347,0.041739879870071606
608,1.0,2454220.0,27.749038789703995,-32.03453818695823,-1.320007414858123,0.7293236625338572,0.641258691891255,0.009926706506391594,6.091523913106581,-0.1053433553819291,7.251330512596095,0.17192783382330531,6.185594617533342,-0.00022388165852753404,-2.5991959167425347,0.041739879870071606
609,1.0,2453860.0,26.009415003803394,-29.843156943759407,-0.9318054217988463,0.8469729051620224,0.644558324371456,0.07468563384121886,6.091523913106581,-0.1053433553819291,7.251330512596095,0.17192783382330531,6.185594617533342,-0.00022388165852753404,-2.5991959167425347,0.041739879870071606
610,1.0,2457320.0,38.08169421613228,2.9363171794718053,0.44871453756059343,-0.12319771827360763,1.0690227085965138,-0.05210112407206158,6.091523913106581,-0.1053433553819291,7.251330512596095,0.17192783382330531,6.185594617533342,-0.00022388165852753404,-2.5991959167425347,0.041739879870071606
611,1.0,2456820.0,35.851114203197916,-29.064453124951314,-1.2945212906679895,0.5736889201453086,0.687488299040856,-0.01510088859219027,6.091523913106581,-0.1053433553819291,7.251330512596095,0.17192783382330531,6.185594617533342,-0.00022388165852753404,-2.5991959167425347,0.041739879870071606
612,1.0,2455080.0,23.101573173372007,-34.52998781021329,-1.8801169533969353,0.8447753474531172,0.5331103650779929,-0.029124119783961927,6.091523913106581,-0.1053433553819291,7.251330512596095,0.17192783382330531,6.185594617533342,-0.00022388165852753404,-2.5991959167425347,0.041739879870071606
613,1.0,2453650.0,32.66486987734346,-32.72113939002641,-0.7767082861336057,0.6928376382940316,0.5757743600439513,-0.05819458674849081,6.091523913106581,-0.1053433553819291,7.251330512596095,0.17192783382330531,6.185594617533342,-0.00022388165852753404,-2.5991959167425347,0.041739879870071606
614,1.0,2457200.0,28.45414198164022,-30.663060126219964,-0.8998229034624462,0.7820128168584555,0.6151486571495864,-0.01878182294264757,6.091523913106581,-0.1053433553819291,7.251330512596095,0.17192783382330531,6.185594617533342,-0.00022388165852753404,-2.5991959167425347,0.041739879870071606
615,1.0,2455080.0,23.36475588904304,-30.091007221352577,1.3287802709377545,0.7896100909726095,0.7427658311543477,0.19955889380338693,6.091523913106581,-0.1053433553819291,7.251330512596095,0.17192783382330531,6.185594617533342,-0.00022388165852753404,-2.5991959167425347,0.041739879870071606
616,1.0,2456220.0,32.373995424508784,-18.81893747996518,3.4756388388277974,0.47749522240904446,0.8511524046438074,0.42653759635299915,6.091523913106581,-0.1053433553819291,7.251330512596095,0.17192783382330531,6.185594617533342,-0.00022388165852753404,-2.5991959167425347,0.041739879870071606
617,1.0,2453630.0,29.391417400102803,-23.905144222412694,0.3350231096773353,0.7068001171838553,0.7114476011084281,0.5129742162240196,6.091523913106581,-0.1053433553819291,7.251330512596095,0.17192783382330531,6.185594617533342,-0.00022388165852753404,-2.5991959167425347,0.041739879870071606
618,1.0,2453840.0,32.54563498624605,-22.787718823236062,-0.24627922437481864,0.5598040056585887,0.9183053314466684,0.2289197571228627,6.091523913106581,-0.1053433553819291,7.251330512596095,0.17192783382330531,6.185594617533342,-0.00022388165852753404,-2.5991959167425347,0.041739879870071606
619,1.0,2457210.0,32.01013066615678,8.726779379903357,0.16041961787311765,-0.4523992425577109,1.1259000817202154,0.019273502468082893,6.091523913106581,-0.1053433553819291,7.251330512596095,0.17192783382330531,6.185594617533342,-0.00022388165852753404,-2.5991959167425347,0.041739879870071606
620,1.0,2457190.0,14.027620704865639,32.298180520687765,0.388905078916677,-1.1156845998614544,0.3624432028692825,-0.20158890266398694,6.091523913106581,-0.1053433553819291,7.251330512596095,0.17192783382330531,6.185594617533342,-0.00022388165852753404,-2.5991959167425347,0.041739879870071606
621,1.0,2454550.0,16.567223743283954,23.7355063490881,2.7092122809913324,-1.0628378628652606,0.6276163674253443,0.3314946038650418,6.091523913106581,-0.1053433553819291,7.251330512596095,0.17192783382330531,6.185594617533342,-0.00022388165852753404,-2.5991959167425347,0.041739879870071606
622,1.0,2455050.0,26.015661954296856,35.750613851795976,-0.03636800993052813,-0.7392850177363625,0.5614919957086304,0.05666150339700705,6.091523913106581,-0.1053433553819291,7.251330512596095,0.17192783382330531,6.185594617533342,-0.00022388165852753404,-2.5991959167425347,0.041739879870071606
623,1.0,2456730.0,27.27025364649599,14.525579726477316,1.3511172753934342,-0.5634813949719524,1.0917018863999925,0.21727005945367125,6.091523913106581,-0.1053433553819291,7.251330512596095,0.17192783382330531,6.185594617533342,-0.00022388165852753404,-2.5991959167425347,0.041739879870071606
624,1.0,2457550.0,24.32660887486157,33.554743527877626,-0.24715479294448872,-0.8035696293459096,0.6246083906760149,-0.012453117896100405,6.091523913106581,-0.1053433553819291,7.251330512596095,0.17192783382330531,6.185594617533342,-0.00022388165852753404,-2.5991959167425347,0.041739879870071606
625,1.0,2457500.0,29.54283597277137,36.52180916296593,0.016082589327334307,-0.6702617210361452,0.5791324014731232,0.02705249329181242,6.091523913106581,-0.1053433553819291,7.251330512596095,0.17192783382330531,6.185594617533342,-0.00022388165852753404,-2.5991959167425347,0.041739879870071606
626,1.0,2457270.0,23.256359586026278,33.437207946493096,-0.32653986743707336,-0.8313618088206278,0.5901897581783354,0.0029838711923508877,6.091523913106581,-0.1053433553819291,7.251330512596095,0.17192783382330531,6.185594617533342,-0.00022388165852753404,-2.5991959167425347,0.041739879870071606
627,1.0,2454060.0,28.11431731534906,30.692389326131316,0.5237545462709479,-0.6959099138987319,0.7437510542986333,0.06464231773538491,6.091523913106581,-0.1053433553819291,7.251330512596095,0.17192783382330531,6.185594617533342,-0.00022388165852753404,-2.5991959167425347,0.041739879870071606
628,1.0,2453620.0,29.109394287213604,26.461030544524437,-0.1923922347136842,-0.8626258571350364,0.5640092866240087,-0.0895388031689142,6.091523913106581,-0.1053433553819291,7.251330512596095,0.17192783382330531,6.185594617533342,-0.00022388165852753404,-2.5991959167425347,0.041739879870071606
629,1.0,2453620.0,30.630671172085155,28.937016551435107,0.23594740577137968,-0.5089749963858528,0.8405102815792339,-0.011444911658750929,6.091523913106581,-0.1053433553819291,7.251330512596095,0.17192783382330531,6.185594617533342,-0.00022388165852753404,-2.5991959167425347,0.041739879870071606
630,1.0,2454240.0,39.034394048148236,16.038280439071137,-0.1157262385079103,-0.2876361993127852,0.9395459233442865,0.1268437975451744,6.091523913106581,-0.1053433553819291,7.251330512596095,0.17192783382330531,6.185594617533342,-0.00022388165852753404,-2.5991959167425347,0.041739879870071606
631,1.0,2456890.0,31.300648690870634,22.54547889080321,1.3986547163066596,-0.4030767572227688,0.9095895475871951,0.22672766384378826,6.091523913106581,-0.1053433553819291,7.251330512596095,0.17192783382330531,6.185594617533342,-0.00022388165852753404,-2.5991959167425347,0.041739879870071606
632,1.0,2454800.0,38.22655841732385,18.28922276467121,-1.1437121153419798,-0.30059438715884257,0.9315075005538307,0.04677542327229149,6.091523913106581,-0.1053433553819291,7.251330512596095,0.17192783382330531,6.185594617533342,-0.00022388165852753404,-2.5991959167425347,0.041739879870071606
633,1.0,2456730.0,14.457572572758416,28.401160613566265,4.031219918681319,-1.0367536199361502,0.41859088267730443,0.46100315530528874,6.091523913106581,-0.1053433553819291,7.251330512596095,0.17192783382330531,6.185594617533342,-0.00022388165852753404,-2.5991959167425347,0.041739879870071606
634,1.0,2453870.0,25.230512039117137,24.32005261231937,-0.029719884260092533,-0.617345453392774,0.924703928754942,0.11015019276110231,6.091523913106581,-0.1053433553819291,7.251330512596095,0.17192783382330531,6.185594617533342,-0.00022388165852753404,-2.5991959167425347,0.041739879870071606
635,1.0,2454090.0,19.131407199101165,21.11060463822722,-0.486846279844996,-0.9545658809001588,0.8925216271222587,-0.23491632896896142,6.091523913106581,-0.1053433553819291,7.251330512596095,0.17192783382330531,6.185594617533342,-0.00022388165852753404,-2.5991959167425347,0.041739879870071606
636,1.0,2454180.0,19.556910220563253,22.10199860582467,0.8867898442900906,-0.8373538369825048,0.9504109869546158,0.2599650635847858,6.091523913106581,-0.1053433553819291,7.251330512596095,0.17192783382330531,6.185594617533342,-0.00022388165852753404,-2.5991959167425347,0.041739879870071606
637,1.0,2454220.0,18.356482591982918,37.31077811204604,-3.1386146142935862,-0.9090695202969187,0.2516883976948808,-0.005440173704005742,6.091523913106581,-0.1053433553819291,7.251330512596095,0.17192783382330531,6.185594617533342,-0.00022388165852753404,-2.5991959167425347,0.041739879870071606
638,1.0,2454570.0,8.217221672096446,40.25283226111004,0.12718154908945323,-0.989012752470272,0.25683357901375636,0.028147561288911452,6.091523913106581,-0.1053433553819291,7.251330512596095,0.17192783382330531,6.185594617533342,-0.00022388165852753404,-2.5991959167425347,0.041739879870071606
639,1.0,2454370.0,-26.304937550770887,32.42228770471618,1.3139193010615393,-0.7528135019954884,-0.6326121146902914,0.134008721774186,6.091523913106581,-0.1053433553819291,7.251330512596095,0.17192783382330531,6.185594617533342,-0.00022388165852753404,-2.5991959167425347,0.041739879870071606
640,1.0,2454230.0,-25.270467361017744,33.34922589422621,1.4263644785552763,-0.7535738429051383,-0.6492592405332677,0.011483231342305101,6.091523913106581,-0.1053433553819291,7.251330512596095,0.17192783382330531,6.185594617533342,-0.00022388165852753404,-2.5991959167425347,0.041739879870071606
641,1.0,2457630.0,-29.547947314086493,22.106298449293057,7.609550011063748,-0.7403437762517127,-0.8522745656727838,0.005079780289832056,6.091523913106581,-0.1053433553819291,7.251330512596095,0.17192783382330531,6.185594617533342,-0.00022388165852753404,-2.5991959167425347,0.041739879870071606
642,1.0,2454470.0,-34.40576260669327,29.323629756097354,-0.5189957745246097,-0.5158246265647626,-0.612675624419753,-0.3133537584657263,6.091523913106581,-0.1053433553819291,7.251330512596095,0.17192783382330531,6.185594617533342,-0.00022388165852753404,-2.5991959167425347,0.041739879870071606
643,1.0,2454350.0,-29.790872492565327,27.765918126108232,1.2007536116194295,-0.6774938263354805,-0.7427174134770408,0.04508531628712987,6.091523913106581,-0.1053433553819291,7.251330512596095,0.17192783382330531,6.185594617533342,-0.00022388165852753404,-2.5991959167425347,0.041739879870071606
644,1.0,2454370.0,-27.67522584982367,20.53296612432454,0.13545454589165593,-0.6808848837665648,-0.8626948354485288,0.006565871472853203,6.091523913106581,-0.1053433553819291,7.251330512596095,0.17192783382330531,6.185594617533342,-0.00022388165852753404,-2.5991959167425347,0.041739879870071606
645,1.0,2456990.0,-36.65235008053155,22.10332428461908,5.171070329441622,-0.32415566210077884,-0.9049489474914149,0.4244504834673803,6.091523913106581,-0.1053433553819291,7.251330512596095,0.17192783382330531,6.185594617533342,-0.00022388165852753404,-2.5991959167425347,0.041739879870071606
646,1.0,2454460.0,-39.810451793518666,-20.58352375797641,2.280746380274203,0.312636319825319,-0.8860555100224176,0.06197219990760528,6.091523913106581,-0.1053433553819291,7.251330512596095,0.17192783382330531,6.185594617533342,-0.00022388165852753404,-2.5991959167425347,0.041739879870071606
647,1.0,2455030.0,-41.25787682566038,16.47362430136515,1.4824637336533777,-0.3705142239887678,-0.8558718792355976,0.028027141958078632,6.091523913106581,-0.1053433553819291,7.251330512596095,0.17192783382330531,6.185594617533342,-0.00022388165852753404,-2.5991959167425347,0.041739879870071606
648,1.0,2453910.0,-35.038523683073635,29.98144319266756,1.018952490475125,-0.5499863688114958,-0.7174576188396978,-0.049021998850382206,6.091523913106581,-0.1053433553819291,7.251330512596095,0.17192783382330531,6.185594617533342,-0.00022388165852753404,-2.5991959167425347,0.041739879870071606
649,1.0,2455500.0,-38.551331179210266,-17.946181312926758,4.169508368093066,0.4141043304569242,-0.8756762097439209,-0.003351409920194013,6.091523913106581,-0.1053433553819291,7.251330512596095,0.17192783382330531,6.185594617533342,-0.00022388165852753404,-2.5991959167425347,0.041739879870071606
650,1.0,2457030.0,-44.29958798453421,-18.254572364655093,1.0984716029851893,0.28992064930559486,-0.8291748229341763,-0.04114869452412874,6.091523913106581,-0.1053433553819291,7.251330512596095,0.17192783382330531,6.185594617533342,-0.00022388165852753404,-2.5991959167425347,0.041739879870071606
651,1.0,2457370.0,-39.29020930256535,-17.669723274043754,2.4106804432569513,0.43796826014723056,-0.8820738468654522,-0.02250113048649066,6.091523913106581,-0.1053433553819291,7.251330512596095,0.17192783382330531,6.185594617533342,-0.00022388165852753404,-2.5991959167425347,0.041739879870071606
652,1.0,2456540.0,-29.945670437154572,7.082024787550344,-1.2892932344099208,-0.22171528863936427,-1.1799658128340946,-0.21213440757461374,6.091523913106581,-0.1053433553819291,7.251330512596095,0.17192783382330531,6.185594617533342,-0.00022388165852753404,-2.5991959167425347,0.041739879870071606
653,1.0,2454890.0,-44.13547440705036,17.640089795790924,0.4355954965916223,-0.3444272705766568,-0.8081733540513446,0.014325747572423995,6.091523913106581,-0.1053433553819291,7.251330512596095,0.17192783382330531,6.185594617533342,-0.00022388165852753404,-2.5991959167425347,0.041739879870071606
654,1.0,2457180.0,-41.16064530788139,16.08258288028718,2.8268846600416024,-0.2460738516451918,-0.9101975696432458,-0.05735429292928477,6.091523913106581,-0.1053433553819291,7.251330512596095,0.17192783382330531,6.185594617533342,-0.00022388165852753404,-2.5991959167425347,0.041739879870071606
655,1.0,2456890.0,-33.13679762164477,-9.487347537217763,3.999834556399892,0.09895121148006746,-1.1277947947458333,0.011678139979348736,6.091523913106581,-0.1053433553819291,7.251330512596095,0.17192783382330531,6.185594617533342,-0.00022388165852753404,-2.5991959167425347,0.041739879870071606
656,1.0,2457140.0,-32.49446041009867,-6.30945822445503,-1.4463487865976807,0.43085463880495684,-1.0803565653245157,-0.19223309562863292,6.091523913106581,-0.1053433553819291,7.251330512596095,0.17192783382330531,6.185594617533342,-0.00022388165852753404,-2.5991959167425347,0.041739879870071606
657,1.0,2454230.0,-31.60281394711653,-21.797736890077886,-1.557890934354876,0.7344370873944448,-0.6499192968349935,-0.31067374756775124,6.091523913106581,-0.1053433553819291,7.251330512596095,0.17192783382330531,6.185594617533342,-0.00022388165852753404,-2.5991959167425347,0.041739879870071606
658,1.0,2454140.0,-31.76743793116868,-22.149423078686333,-0.8761677212643064,0.5905236697684287,-0.8940152256755558,-0.03833242155745784,6.091523913106581,-0.1053433553819291,7.251330512596095,0.17192783382330531,6.185594617533342,-0.00022388165852753404,-2.5991959167425347,0.041739879870071606
659,1.0,2455430.0,-40.28722467870047,17.411888759444192,0.16454192159246242,-0.37186766937154686,-0.8601951763709289,-0.01096969647186189,6.091523913106581,-0.1053433553819291,7.251330512596095,0.17192783382330531,6.185594617533342,-0.00022388165852753404,-2.5991959167425347,0.041739879870071606
660,1.0,2456590.0,-14.688717786680341,-25.967579187180416,1.8943087842966015,1.1593218035465729,-0.5402001771264492,-0.03854586717547428,6.091523913106581,-0.1053433553819291,7.251330512596095,0.17192783382330531,6.185594617533342,-0.00022388165852753404,-2.5991959167425347,0.041739879870071606
661,1.0,2454390.0,-40.40558194178398,-7.652094940485425,2.404399128940862,0.031692391969207936,-0.9342226433230029,0.1972815878450526,6.091523913106581,-0.1053433553819291,7.251330512596095,0.17192783382330531,6.185594617533342,-0.00022388165852753404,-2.5991959167425347,0.041739879870071606
662,1.0,2455190.0,-43.35810684772682,1.3912621467386401,0.9452072969450219,-0.015052514475521866,-0.9565597108802386,0.05946215703838167,6.091523913106581,-0.1053433553819291,7.251330512596095,0.17192783382330531,6.185594617533342,-0.00022388165852753404,-2.5991959167425347,0.041739879870071606
663,1.0,2457160.0,-29.815965755698212,-36.177355388512346,1.1251493892686626,0.6409091930728977,-0.547107937797989,0.21335691354689207,6.091523913106581,-0.1053433553819291,7.251330512596095,0.17192783382330531,6.185594617533342,-0.00022388165852753404,-2.5991959167425347,0.041739879870071606
664,1.0,2454060.0,-20.581772539761243,-31.785152600555985,-0.3219938257871906,0.8726309669101208,-0.49262361443479374,0.3679095502878918,6.091523913106581,-0.1053433553819291,7.251330512596095,0.17192783382330531,6.185594617533342,-0.00022388165852753404,-2.5991959167425347,0.041739879870071606
665,1.0,2455180.0,-33.78453375653429,-23.207313367282776,2.32774795335727,0.5321767032571014,-0.8675669102620976,-0.004051229080301117,6.091523913106581,-0.1053433553819291,7.251330512596095,0.17192783382330531,6.185594617533342,-0.00022388165852753404,-2.5991959167425347,0.041739879870071606
666,1.0,2454720.0,-11.2731026267745,-40.04927232005765,-0.5493625016915102,0.9854000592686895,-0.20699820061524352,-0.07056217082507175,6.091523913106581,-0.1053433553819291,7.251330512596095,0.17192783382330531,6.185594617533342,-0.00022388165852753404,-2.5991959167425347,0.041739879870071606
667,1.0,2455160.0,-11.402664814336921,-35.48055802524906,-3.011605704350165,1.010264659985701,-0.1268438404739454,-0.4936763501917388,6.091523913106581,-0.1053433553819291,7.251330512596095,0.17192783382330531,6.185594617533342,-0.00022388165852753404,-2.5991959167425347,0.041739879870071606
668,1.0,2457180.0,-30.79168173059402,-29.098726886282172,1.544957590349818,0.6490495719067879,-0.7244296199430997,0.0036613170489985716,6.091523913106581,-0.1053433553819291,7.251330512596095,0.17192783382330531,6.185594617533342,-0.00022388165852753404,-2.5991959167425347,0.041739879870071606
669,1.0,2457070.0,-34.14254441410599,-31.31034318670199,1.4503961615364487,0.5413215976466467,-0.7539059025868377,-0.04950657446765396,6.091523913106581,-0.1053433553819291,7.251330512596095,0.17192783382330531,6.185594617533342,-0.00022388165852753404,-2.5991959167425347,0.041739879870071606
670,1.0,2453980.0,-17.22524231058368,-41.253223943374515,-0.968410073140848,0.8376446947101672,-0.41679472462203443,-0.029681494765062693,6.091523913106581,-0.1053433553819291,7.251330512596095,0.17192783382330531,6.185594617533342,-0.00022388165852753404,-2.5991959167425347,0.041739879870071606
671,1.0,2454150.0,-35.61756898295792,-22.862188503850476,2.1548035004936343,0.5765820897028595,-0.7743727172782705,-0.10153573342098014,6.091523913106581,-0.1053433553819291,7.251330512596095,0.17192783382330531,6.185594617533342,-0.00022388165852753404,-2.5991959167425347,0.041739879870071606
672,1.0,2453860.0,-18.96282664720197,-37.0419857554214,0.7824766235066394,0.8979033010117987,-0.4322650893835733,-0.13746287585870437,6.091523913106581,-0.1053433553819291,7.251330512596095,0.17192783382330531,6.185594617533342,-0.00022388165852753404,-2.5991959167425347,0.041739879870071606
673,1.0,2456610.0,-11.115188800481938,-40.16725433995619,0.8031362724139721,0.9586592083817782,-0.2571042791051903,-0.04867527526889268,6.091523913106581,-0.1053433553819291,7.251330512596095,0.17192783382330531,6.185594617533342,-0.00022388165852753404,-2.5991959167425347,0.041739879870071606
674,1.0,2454680.0,33.69086030756023,-27.016273695053286,-3.4890014918226915,0.717518290739378,0.6815521774482092,0.007205526187865693,6.091523913106581,-0.1053433553819291,7.251330512596095,0.17192783382330531,6.185594617533342,-0.00022388165852753404,-2.5991959167425347,0.041739879870071606
675,1.0,2456420.0,43.112170318493305,-10.908721856375747,0.7824585641164863,0.15555981519545978,0.9282521446201516,-0.04053106437922675,6.091523913106581,-0.1053433553819291,7.251330512596095,0.17192783382330531,6.185594617533342,-0.00022388165852753404,-2.5991959167425347,0.041739879870071606
676,1.0,2457050.0,28.32183473400175,27.046513102979343,-5.541419038968384,-0.5732481588470352,0.7859251737030339,0.30918540173376247,6.091523913106581,-0.1053433553819291,7.251330512596095,0.17192783382330531,6.185594617533342,-0.00022388165852753404,-2.5991959167425347,0.041739879870071606
677,1.0,2457170.0,22.530728689960796,33.85169317368769,-13.018550360867454,-0.788915984881715,0.7125109411012069,-0.08752111033716999,6.091523913106581,-0.1053433553819291,7.251330512596095,0.17192783382330531,6.185594617533342,-0.00022388165852753404,-2.5991959167425347,0.041739879870071606
678,1.0,2454340.0,35.61566185571456,11.667185574467052,-4.414765349161482,-0.30753488083283465,1.0308312511072646,0.025956566534190435,6.091523913106581,-0.1053433553819291,7.251330512596095,0.17192783382330531,6.185594617533342,-0.00022388165852753404,-2.5991959167425347,0.041739879870071606
679,1.0,2457300.0,22.951161683972686,26.53819565496555,-6.598335204488572,-0.8663883845324118,0.7277065465689824,0.1662470044620621,6.091523913106581,-0.1053433553819291,7.251330512596095,0.17192783382330531,6.185594617533342,-0.00022388165852753404,-2.5991959167425347,0.041739879870071606
680,1.0,2454400.0,29.140612232622548,6.2266728903079,0.6740719174250928,-0.30105613631753314,1.005554720116026,0.4857586251084726,6.091523913106581,-0.1053433553819291,7.251330512596095,0.17192783382330531,6.185594617533342,-0.00022388165852753404,-2.5991959167425347,0.041739879870071606
681,1.0,2457020.0,28.91830941884613,14.559129596048935,-0.5667807953815535,-0.6169235842323749,1.0605371384217512,-0.03989137176050783,6.091523913106581,-0.1053433553819291,7.251330512596095,0.17192783382330531,6.185594617533342,-0.00022388165852753404,-2.5991959167425347,0.041739879870071606
682,1.0,2458590.0,-1.636403482092005,31.006800659916575,-9.588368637747811,-1.0202252696943088,-0.1516062661697113,-0.5992270991407549,6.091523913106581,-0.1053433553819291,7.251330512596095,0.17192783382330531,6.185594617533342,-0.00022388165852753404,-2.5991959167425347,0.041739879870071606
683,1.0,2455310.0,10.723453045946043,33.03916523925112,0.49023437347296894,-0.9690186769432472,0.580309093128913,0.028137397949542668,6.091523913106581,-0.1053433553819291,7.251330512596095,0.17192783382330531,6.185594617533342,-0.00022388165852753404,-2.5991959167425347,0.041739879870071606
684,1.0,2455200.0,-25.72879809148031,26.23558826531112,2.367907531214313,-0.6047810106430292,-0.7517462933856295,0.4127897324295654,6.091523913106581,-0.1053433553819291,7.251330512596095,0.17192783382330531,6.185594617533342,-0.00022388165852753404,-2.5991959167425347,0.041739879870071606
685,1.0,2454690.0,-26.01198719859813,33.09054210439217,0.7825908554656634,-0.7782491408083175,-0.6044833382861543,-0.007682225516906651,6.091523913106581,-0.1053433553819291,7.251330512596095,0.17192783382330531,6.185594617533342,-0.00022388165852753404,-2.5991959167425347,0.041739879870071606
686,1.0,2454220.0,-31.61517901994023,30.973125608018737,1.3795501798931968,-0.681551668411238,-0.6747924488097121,-0.0019017862534915044,6.091523913106581,-0.1053433553819291,7.251330512596095,0.17192783382330531,6.185594617533342,-0.00022388165852753404,-2.5991959167425347,0.041739879870071606
687,1.0,2453760.0,-18.312427420863894,-36.680415517432664,-0.46856564142291535,0.8874269756598249,-0.46661117915046,-0.05682028416417304,6.091523913106581,-0.1053433553819291,7.251330512596095,0.17192783382330531,6.185594617533342,-0.00022388165852753404,-2.5991959167425347,0.041739879870071606
688,1.0,2454500.0,-23.813314919071054,-32.32289061839525,1.1164583014388338,0.8431314643430275,-0.6041284939455369,-0.015610091550672134,6.091523913106581,-0.1053433553819291,7.251330512596095,0.17192783382330531,6.185594617533342,-0.00022388165852753404,-2.5991959167425347,0.041739879870071606
689,1.0,2454920.0,-28.609604517794367,24.712752300508527,-0.17173947473670825,-0.7650362596223155,-0.7853318076756453,-0.15025994792407824,6.091523913106581,-0.1053433553819291,7.251330512596095,0.17192783382330531,6.185594617533342,-0.00022388165852753404,-2.5991959167425347,0.041739879870071606
690,1.0,2454710.0,-32.35870561775365,-22.093105560406297,0.7033022123224941,0.5431534759260931,-0.9169551670405502,-0.16772757198994653,6.091523913106581,-0.1053433553819291,7.251330512596095,0.17192783382330531,6.185594617533342,-0.00022388165852753404,-2.5991959167425347,0.041739879870071606
691,1.0,2454570.0,-27.573332945751936,-34.12664560021983,-0.099933500119602,0.7179160492839064,-0.6477507690633334,-0.025893390569354302,6.091523913106581,-0.1053433553819291,7.251330512596095,0.17192783382330531,6.185594617533342,-0.00022388165852753404,-2.5991959167425347,0.041739879870071606
692,1.0,2453600.0,-27.978712783696107,-37.32980470173302,-0.535551696688213,0.6529930646988693,-0.6367747701070822,0.10954611384947066,6.091523913106581,-0.1053433553819291,7.251330512596095,0.17192783382330531,6.185594617533342,-0.00022388165852753404,-2.5991959167425347,0.041739879870071606
693,1.0,2453830.0,-24.44907490333593,-34.432074317736536,0.23402795815265434,0.8155004368718787,-0.5767590497033521,-2.831713101950735e-06,6.091523913106581,-0.1053433553819291,7.251330512596095,0.17192783382330531,6.185594617533342,-0.00022388165852753404,-2.5991959167425347,0.041739879870071606
694,1.0,2457000.0,43.535355794719734,9.464759990994427,-1.7071525426457193,-0.27155679241490543,0.9023770064373439,-0.02205361367787482,6.091523913106581,-0.1053433553819291,7.251330512596095,0.17192783382330531,6.185594617533342,-0.00022388165852753404,-2.5991959167425347,0.041739879870071606
695,1.0,2457040.0,36.146701655222856,17.656895623054794,-5.778176389384436,-0.2918810516821167,0.9540811471952061,-0.10314630726376635,6.091523913106581,-0.1053433553819291,7.251330512596095,0.17192783382330531,6.185594617533342,-0.00022388165852753404,-2.5991959167425347,0.041739879870071606
696,1.0,2455530.0,37.85736474559476,11.27997702324264,6.828718537703259,-0.15537148159091754,1.050417694000044,0.04039554951253759,6.091523913106581,-0.1053433553819291,7.251330512596095,0.17192783382330531,6.185594617533342,-0.00022388165852753404,-2.5991959167425347,0.041739879870071606
697,1.0,2454430.0,40.00585788496962,-9.99566364723134,9.420722858284432,0.3035605746142288,0.896706088948837,-0.21394038453160766,6.091523913106581,-0.1053433553819291,7.251330512596095,0.17192783382330531,6.185594617533342,-0.00022388165852753404,-2.5991959167425347,0.041739879870071606
698,1.0,2454570.0,38.23068131388476,-8.54764611976715,10.788909873490963,0.16441416326620648,1.0011526296637232,0.041381907007259126,6.091523913106581,-0.1053433553819291,7.251330512596095,0.17192783382330531,6.185594617533342,-0.00022388165852753404,-2.5991959167425347,0.041739879870071606
699,1.0,2455470.0,35.7300725309016,-4.5487251874072925,11.345172923733134,-0.05787474351902768,1.0974764093680554,0.3107879313887458,6.091523913106581,-0.1053433553819291,7.251330512596095,0.17192783382330531,6.185594617533342,-0.00022388165852753404,-2.5991959167425347,0.041739879870071606
700,1.0,2456740.0,26.1754743524686,16.592305145624856,0.2084518869835383,-0.6770022864057147,1.0036368032467855,-0.02072007638054326,6.091523913106581,-0.1053433553819291,7.251330512596095,0.17192783382330531,6.185594617533342,-0.00022388165852753404,-2.5991959167425347,0.041739879870071606
701,1.0,2457600.0,32.38299284360179,16.851087878139104,1.0247156126132457,-0.7290327415740746,0.7845861048276426,0.07637338169881604,6.091523913106581,-0.1053433553819291,7.251330512596095,0.17192783382330531,6.185594617533342,-0.00022388165852753404,-2.5991959167425347,0.041739879870071606
702,1.0,2456760.0,41.46458460677513,9.360687141915852,-1.3842852055944168,-0.19250100748012422,0.9572529075545547,0.023019115884349867,6.091523913106581,-0.1053433553819291,7.251330512596095,0.17192783382330531,6.185594617533342,-0.00022388165852753404,-2.5991959167425347,0.041739879870071606
703,1.0,2457030.0,19.51520571419922,23.995930496940467,0.7209168383416666,-0.8644031105631316,0.8379663547945095,-0.3140597005362378,6.091523913106581,-0.1053433553819291,7.251330512596095,0.17192783382330531,6.185594617533342,-0.00022388165852753404,-2.5991959167425347,0.041739879870071606
704,1.0,2454670.0,-27.609997727925496,34.59065312860073,1.4974345416192472,-0.7015040761605351,-0.6167711029361008,0.009704868441397722,6.091523913106581,-0.1053433553819291,7.251330512596095,0.17192783382330531,6.185594617533342,-0.00022388165852753404,-2.5991959167425347,0.041739879870071606
705,1.0,2454570.0,-26.429605298417968,28.9308624847607,0.8383390675148297,-0.924685245000831,-0.5509480675513321,-0.26352133213362694,6.091523913106581,-0.1053433553819291,7.251330512596095,0.17192783382330531,6.185594617533342,-0.00022388165852753404,-2.5991959167425347,0.041739879870071606
706,1.0,2455250.0,29.464089138222583,23.022495285522652,-9.977800368525736,-0.2495830733344275,0.9016241136254817,0.4090587798908544,6.091523913106581,-0.1053433553819291,7.251330512596095,0.17192783382330531,6.185594617533342,-0.00022388165852753404,-2.5991959167425347,0.041739879870071606
707,1.0,2454400.0,-33.03527419542019,31.446520034818803,0.6106684196415113,-0.5848161827390862,-0.7203122960422292,-0.015575019227357653,6.091523913106581,-0.1053433553819291,7.251330512596095,0.17192783382330531,6.185594617533342,-0.00022388165852753404,-2.5991959167425347,0.041739879870071606
708,1.0,2454350.0,-28.634282347092704,23.272687228541287,1.9627750986621384,-0.6787773013848776,-0.8122286061145838,0.4223114205325558,6.091523913106581,-0.1053433553819291,7.251330512596095,0.17192783382330531,6.185594617533342,-0.00022388165852753404,-2.5991959167425347,0.041739879870071606
709,1.0,2454310.0,-33.05437788764891,27.241616373810857,0.19577014875907278,-0.631373170285201,-0.7413052094293469,-0.025761330097945023,6.091523913106581,-0.1053433553819291,7.251330512596095,0.17192783382330531,6.185594617533342,-0.00022388165852753404,-2.5991959167425347,0.041739879870071606
710,1.0,2454050.0,-34.250043535973305,28.341104355524344,0.9857456746863253,-0.5323211143049577,-0.7723797027290463,-0.01096899032579802,6.091523913106581,-0.1053433553819291,7.251330512596095,0.17192783382330531,6.185594617533342,-0.00022388165852753404,-2.5991959167425347,0.041739879870071606
711,1.0,2454820.0,-37.02294084939792,11.826708042722132,17.950300338810926,-0.3044524415105263,-0.8881897300335196,0.30664840566149887,6.091523913106581,-0.1053433553819291,7.251330512596095,0.17192783382330531,6.185594617533342,-0.00022388165852753404,-2.5991959167425347,0.041739879870071606
712,1.0,2457240.0,-33.84431521668458,2.694544984797716,13.336600693021863,-0.13211988697554697,-1.1078365376285262,-0.3795788540230145,6.091523913106581,-0.1053433553819291,7.251330512596095,0.17192783382330531,6.185594617533342,-0.00022388165852753404,-2.5991959167425347,0.041739879870071606
713,1.0,2455300.0,-32.44093886248029,7.949750547567561,15.966281140411304,-0.3823100193319935,-1.0490334192983646,0.018986113332151052,6.091523913106581,-0.1053433553819291,7.251330512596095,0.17192783382330531,6.185594617533342,-0.00022388165852753404,-2.5991959167425347,0.041739879870071606
714,1.0,2456750.0,-15.799012573442521,-38.40925027568156,0.7759214697452388,0.9147982972559068,-0.4036957658627699,-0.04746540702146581,6.091523913106581,-0.1053433553819291,7.251330512596095,0.17192783382330531,6.185594617533342,-0.00022388165852753404,-2.5991959167425347,0.041739879870071606
715,1.0,2456980.0,-12.547484468926145,-36.433535817095795,7.235729557880676,0.9198847820348668,-0.40002181280078025,0.06569957349630716,6.091523913106581,-0.1053433553819291,7.251330512596095,0.17192783382330531,6.185594617533342,-0.00022388165852753404,-2.5991959167425347,0.041739879870071606
716,1.0,2454800.0,-14.835955367755009,-33.09163845943941,20.82374295009261,0.9923576055639769,-0.24649433212298735,0.34267921211769786,6.091523913106581,-0.1053433553819291,7.251330512596095,0.17192783382330531,6.185594617533342,-0.00022388165852753404,-2.5991959167425347,0.041739879870071606
717,1.0,2457720.0,38.57787183806681,2.5958680684331092,-10.929987951678397,-0.002741041751087322,1.0359420916438518,-0.240942702564874,6.091523913106581,-0.1053433553819291,7.251330512596095,0.17192783382330531,6.185594617533342,-0.00022388165852753404,-2.5991959167425347,0.041739879870071606
718,1.0,2455060.0,38.457664741187756,-8.916440526723743,10.615855791683142,0.311705325943796,0.898830595272505,-0.23332269470689135,6.091523913106581,-0.1053433553819291,7.251330512596095,0.17192783382330531,6.185594617533342,-0.00022388165852753404,-2.5991959167425347,0.041739879870071606
719,1.0,2457270.0,23.678738643351213,20.928725695730023,-4.736806615730823,-0.6434098474176213,1.0104809194010609,0.1775406515563894,6.091523913106581,-0.1053433553819291,7.251330512596095,0.17192783382330531,6.185594617533342,-0.00022388165852753404,-2.5991959167425347,0.041739879870071606
720,1.0,2454800.0,31.449250902554983,-10.059061785003887,12.072757324221485,0.35583489844612465,1.1212296630108167,0.08996308132627617,6.091523913106581,-0.1053433553819291,7.251330512596095,0.17192783382330531,6.185594617533342,-0.00022388165852753404,-2.5991959167425347,0.041739879870071606
721,1.0,2454690.0,33.93927545003703,-11.621995931100948,16.29737870474449,0.36271887209572873,1.0027493775345757,0.12215058351087646,6.091523913106581,-0.1053433553819291,7.251330512596095,0.17192783382330531,6.185594617533342,-0.00022388165852753404,-2.5991959167425347,0.041739879870071606
722,1.0,2455580.0,33.46304835593219,-8.67246753232607,15.136582877038274,0.2668768058811772,0.98742897582038,-0.18675221092048336,6.091523913106581,-0.1053433553819291,7.251330512596095,0.17192783382330531,6.185594617533342,-0.00022388165852753404,-2.5991959167425347,0.041739879870071606
723,1.0,2456700.0,29.446210771388852,23.74852771685072,-10.05874386268466,-0.6762082094988962,0.8616638176830896,0.044832344005281924,6.091523913106581,-0.1053433553819291,7.251330512596095,0.17192783382330531,6.185594617533342,-0.00022388165852753404,-2.5991959167425347,0.041739879870071606
724,1.0,2456530.0,30.068663331991356,22.92289637256251,-8.934806877941135,-0.6323464357489947,0.7553682141929604,0.33914403381305186,6.091523913106581,-0.1053433553819291,7.251330512596095,0.17192783382330531,6.185594617533342,-0.00022388165852753404,-2.5991959167425347,0.041739879870071606
725,1.0,2455190.0,37.58189580187639,13.94822450476342,-3.8538934690187885,-0.35298220517558765,0.9544220450287894,0.12125390689248931,6.091523913106581,-0.1053433553819291,7.251330512596095,0.17192783382330531,6.185594617533342,-0.00022388165852753404,-2.5991959167425347,0.041739879870071606
726,0.0,0.0,0.0,0.0,0.0,0.0,0.0,0.0,6.091523913106581,-0.1053433553819291,7.251330512596095,0.17192783382330531,6.185594617533342,-0.00022388165852753404,-2.5991959167425347,0.041739879870071606
727,0.0,0.0,0.0,0.0,0.0,0.0,0.0,0.0,6.091523913106581,-0.1053433553819291,7.251330512596095,0.17192783382330531,6.185594617533342,-0.00022388165852753404,-2.5991959167425347,0.041739879870071606
728,0.0,0.0,0.0,0.0,0.0,0.0,0.0,0.0,6.091523913106581,-0.1053433553819291,7.251330512596095,0.17192783382330531,6.185594617533342,-0.00022388165852753404,-2.5991959167425347,0.041739879870071606
729,0.0,0.0,0.0,0.0,0.0,0.0,0.0,0.0,6.091523913106581,-0.1053433553819291,7.251330512596095,0.17192783382330531,6.185594617533342,-0.00022388165852753404,-2.5991959167425347,0.041739879870071606
730,0.0,0.0,0.0,0.0,0.0,0.0,0.0,0.0,6.091523913106581,-0.1053433553819291,7.251330512596095,0.17192783382330531,6.185594617533342,-0.00022388165852753404,-2.5991959167425347,0.041739879870071606
731,1.0,2455240.0,-43.312070754195055,-2.7152769398316785,8.044341512071302,0.027996184702583787,-0.9353028702490261,0.06165065613654241,6.091523913106581,-0.1053433553819291,7.251330512596095,0.17192783382330531,6.185594617533342,-0.00022388165852753404,-2.5991959167425347,0.041739879870071606
732,1.0,2455040.0,-32.06482496520921,-3.0600232979298045,6.0061143247443205,0.23710016959834182,-1.1611300177854385,-0.024714948384119178,6.091523913106581,-0.1053433553819291,7.251330512596095,0.17192783382330531,6.185594617533342,-0.00022388165852753404,-2.5991959167425347,0.041739879870071606
733,1.0,2455180.0,-46.09681323864443,-3.75090397471016,7.613449896996511,0.21366197966597933,-0.8899024124127375,-0.05435433824403277,6.091523913106581,-0.1053433553819291,7.251330512596095,0.17192783382330531,6.185594617533342,-0.00022388165852753404,-2.5991959167425347,0.041739879870071606
734,1.0,2455020.0,-36.60545889768958,-2.3309361268076008,7.107092181048966,0.04328304102817732,-1.1432189581953085,0.024368814162976392,6.091523913106581,-0.1053433553819291,7.251330512596095,0.17192783382330531,6.185594617533342,-0.00022388165852753404,-2.5991959167425347,0.041739879870071606
735,1.0,2457410.0,-28.228026244472524,-8.72582162486047,4.462931237692661,0.35460200725170926,-1.1304133740726061,-0.492100320500667,6.091523913106581,-0.1053433553819291,7.251330512596095,0.17192783382330531,6.185594617533342,-0.00022388165852753404,-2.5991959167425347,0.041739879870071606
736,0.0,0.0,0.0,0.0,0.0,0.0,0.0,0.0,6.091523913106581,-0.1053433553819291,7.251330512596095,0.17192783382330531,6.185594617533342,-0.00022388165852753404,-2.5991959167425347,0.041739879870071606
737,1.0,2455100.0,-16.43145147656466,-43.867843049832985,-2.0684438777725593,0.8392966471418766,-0.26661806150523065,-0.1379579000019019,6.091523913106581,-0.1053433553819291,7.251330512596095,0.17192783382330531,6.185594617533342,-0.00022388165852753404,-2.5991959167425347,0.041739879870071606
738,1.0,2455320.0,34.99754480193817,24.21848379980622,-0.6182629142125972,-0.5638770876313297,0.7875045591388025,0.016966469371408742,6.091523913106581,-0.1053433553819291,7.251330512596095,0.17192783382330531,6.185594617533342,-0.00022388165852753404,-2.5991959167425347,0.041739879870071606
739,1.0,2457490.0,-27.186644585953,28.235612567532943,1.393194861081156,-0.6690743075347532,-0.7063174169335136,0.31222679623968347,6.091523913106581,-0.1053433553819291,7.251330512596095,0.17192783382330531,6.185594617533342,-0.00022388165852753404,-2.5991959167425347,0.041739879870071606
740,1.0,2457320.0,-30.225739169419505,-17.49405226340097,-12.697256220046437,0.5541220162929427,-0.8800184980432827,-0.212186056334538,6.091523913106581,-0.1053433553819291,7.251330512596095,0.17192783382330531,6.185594617533342,-0.00022388165852753404,-2.5991959167425347,0.041739879870071606
741,1.0,2457560.0,-29.991598660144685,-29.11520711057259,-19.616595664143237,0.6768221811769961,-0.6414333168748061,0.043473610576842805,6.091523913106581,-0.1053433553819291,7.251330512596095,0.17192783382330531,6.185594617533342,-0.00022388165852753404,-2.5991959167425347,0.041739879870071606
742,1.0,2456330.0,-16.94317796571915,-36.952863034535966,-6.011150440575591,0.7928019444969625,-0.5225756790935745,0.19977725931058282,6.091523913106581,-0.1053433553819291,7.251330512596095,0.17192783382330531,6.185594617533342,-0.00022388165852753404,-2.5991959167425347,0.041739879870071606
743,1.0,2455840.0,-15.949462114596031,-43.03870290806602,-6.378157489752949,0.8061692541489941,-0.19534219903243652,-0.374374211983266,6.091523913106581,-0.1053433553819291,7.251330512596095,0.17192783382330531,6.185594617533342,-0.00022388165852753404,-2.5991959167425347,0.041739879870071606
744,1.0,2458470.0,11.469497290702245,-26.529276433206828,2.372304625867307,1.1869757500924933,0.47691861106084854,-0.3000273156183896,6.091523913106581,-0.1053433553819291,7.251330512596095,0.17192783382330531,6.185594617533342,-0.00022388165852753404,-2.5991959167425347,0.041739879870071606
745,1.0,2455510.0,-12.193901281106507,-33.343575837666684,-1.434689743110681,0.9611958911878219,-0.4199408270832616,0.1918227468391397,6.091523913106581,-0.1053433553819291,7.251330512596095,0.17192783382330531,6.185594617533342,-0.00022388165852753404,-2.5991959167425347,0.041739879870071606
746,1.0,2457210.0,41.96474701338369,19.904145725176637,9.570963051688386,-0.48740007610035896,0.5882901021411906,0.3769337538435326,6.091523913106581,-0.1053433553819291,7.251330512596095,0.17192783382330531,6.185594617533342,-0.00022388165852753404,-2.5991959167425347,0.041739879870071606
747,1.0,2457900.0,38.412030154656065,-16.295956118304577,18.018116409683223,0.32679748291396665,0.8076723944372093,-0.20067568097769792,6.091523913106581,-0.1053433553819291,7.251330512596095,0.17192783382330531,6.185594617533342,-0.00022388165852753404,-2.5991959167425347,0.041739879870071606
748,1.0,2456320.0,35.15774644141812,-13.131223802531338,4.915212804587826,0.3826759318986304,0.9250552286758779,-0.5765176254055472,6.091523913106581,-0.1053433553819291,7.251330512596095,0.17192783382330531,6.185594617533342,-0.00022388165852753404,-2.5991959167425347,0.041739879870071606
749,1.0,2457950.0,35.17634605594526,6.111940860793975,-15.580830158607144,-0.1024961411728131,0.9815333244855142,0.2693095728313123,6.091523913106581,-0.1053433553819291,7.251330512596095,0.17192783382330531,6.185594617533342,-0.00022388165852753404,-2.5991959167425347,0.041739879870071606
750,1.0,2457320.0,37.651368194181714,12.179958572389161,-0.7115679375283053,-0.3767432554484197,0.988288886719954,-0.1229422982602943,6.091523913106581,-0.1053433553819291,7.251330512596095,0.17192783382330531,6.185594617533342,-0.00022388165852753404,-2.5991959167425347,0.041739879870071606
751,1.0,2457690.0,47.539257526240505,-14.096473207226413,-19.59306973496729,0.491279967027785,0.62687843882016,0.21271343374270948,6.091523913106581,-0.1053433553819291,7.251330512596095,0.17192783382330531,6.185594617533342,-0.00022388165852753404,-2.5991959167425347,0.041739879870071606
752,1.0,2457760.0,32.4577112851179,5.555324149321564,-15.397948384333176,-0.2173472881483687,1.0573428440472292,-0.2906416012421352,6.091523913106581,-0.1053433553819291,7.251330512596095,0.17192783382330531,6.185594617533342,-0.00022388165852753404,-2.5991959167425347,0.041739879870071606
753,1.0,2457830.0,37.92270387160796,10.275088730126551,-11.397619184870498,-0.2722272854244003,0.9169455489545345,0.21358256944934556,6.091523913106581,-0.1053433553819291,7.251330512596095,0.17192783382330531,6.185594617533342,-0.00022388165852753404,-2.5991959167425347,0.041739879870071606
754,1.0,2457860.0,38.13455408668767,13.153362916454174,-8.24842102254858,-0.27840547338324007,0.9721053669827142,0.22045353274307455,6.091523913106581,-0.1053433553819291,7.251330512596095,0.17192783382330531,6.185594617533342,-0.00022388165852753404,-2.5991959167425347,0.041739879870071606
755,1.0,2457710.0,33.46069474274567,13.539528652015846,16.145944659413697,-0.682421332851725,0.7388360711971,0.3327942360699733,6.091523913106581,-0.1053433553819291,7.251330512596095,0.17192783382330531,6.185594617533342,-0.00022388165852753404,-2.5991959167425347,0.041739879870071606
756,1.0,2456360.0,38.224980474699066,22.409368906158278,4.863983857972848,-0.34660844589689194,0.806256417024834,-0.25345485238111926,6.091523913106581,-0.1053433553819291,7.251330512596095,0.17192783382330531,6.185594617533342,-0.00022388165852753404,-2.5991959167425347,0.041739879870071606
757,1.0,2455880.0,28.507468381457244,30.955227053143293,-1.566592717436609,-0.7139752266978294,0.6724449045074907,0.06392140166591319,6.091523913106581,-0.1053433553819291,7.251330512596095,0.17192783382330531,6.185594617533342,-0.00022388165852753404,-2.5991959167425347,0.041739879870071606
758,1.0,2455930.0,26.501221360191465,31.245895095331985,5.457968404378965,-0.6950482448884823,0.6019281189959849,0.33684271731056553,6.091523913106581,-0.1053433553819291,7.251330512596095,0.17192783382330531,6.185594617533342,-0.00022388165852753404,-2.5991959167425347,0.041739879870071606
759,1.0,2456040.0,27.179497214011732,33.97373519586158,-0.7912529443289987,-0.7563414946110601,0.5798456134525797,0.03471730323841107,6.091523913106581,-0.1053433553819291,7.251330512596095,0.17192783382330531,6.185594617533342,-0.00022388165852753404,-2.5991959167425347,0.041739879870071606
760,1.0,2455930.0,23.1822102008759,35.2781036051151,0.9641420054432057,-0.8028268297405476,0.5777213325176019,0.004074492023688734,6.091523913106581,-0.1053433553819291,7.251330512596095,0.17192783382330531,6.185594617533342,-0.00022388165852753404,-2.5991959167425347,0.041739879870071606
761,1.0,2456930.0,25.45722501926889,13.6068880539685,2.0062486421789885,-0.6692144439476018,1.1157891564337443,-0.20220889594781716,6.091523913106581,-0.1053433553819291,7.251330512596095,0.17192783382330531,6.185594617533342,-0.00022388165852753404,-2.5991959167425347,0.041739879870071606
762,1.0,2457060.0,38.09082065445263,16.16753964736168,-1.017680347427902,-0.34910774729692573,0.7464586371919908,0.6132160675417326,6.091523913106581,-0.1053433553819291,7.251330512596095,0.17192783382330531,6.185594617533342,-0.00022388165852753404,-2.5991959167425347,0.041739879870071606
763,1.0,2457060.0,37.751753111405606,16.865147198949817,-1.1604812512401386,-0.42679319102615515,0.9077857314160486,0.0003373032896270771,6.091523913106581,-0.1053433553819291,7.251330512596095,0.17192783382330531,6.185594617533342,-0.00022388165852753404,-2.5991959167425347,0.041739879870071606
764,1.0,2457250.0,28.309880218459966,19.0243418631229,-0.6368216828555384,-0.7266047899123623,0.8785864444164089,0.11185984490229299,6.091523913106581,-0.1053433553819291,7.251330512596095,0.17192783382330531,6.185594617533342,-0.00022388165852753404,-2.5991959167425347,0.041739879870071606
765,1.0,2456240.0,33.79920927995456,15.961365996016859,-0.33582363108239033,-0.30748001921974893,0.9838222502450127,0.23956665561453366,6.091523913106581,-0.1053433553819291,7.251330512596095,0.17192783382330531,6.185594617533342,-0.00022388165852753404,-2.5991959167425347,0.041739879870071606
766,1.0,2457080.0,30.493757009052228,23.892676174805164,-0.9372772666660425,-0.7508804530719361,0.7537386784708805,-0.17609719423180034,6.091523913106581,-0.1053433553819291,7.251330512596095,0.17192783382330531,6.185594617533342,-0.00022388165852753404,-2.5991959167425347,0.041739879870071606
767,1.0,2455710.0,18.44476503803795,26.17724977499532,0.5977598470136076,-0.8584540340094269,0.6453652660849277,-0.07697071755472432,6.091523913106581,-0.1053433553819291,7.251330512596095,0.17192783382330531,6.185594617533342,-0.00022388165852753404,-2.5991959167425347,0.041739879870071606
768,1.0,2458050.0,24.23021156706578,34.58554003255236,-22.797420067393954,-0.7097351861494048,0.46636800784805255,-0.0799696040261179,6.091523913106581,-0.1053433553819291,7.251330512596095,0.17192783382330531,6.185594617533342,-0.00022388165852753404,-2.5991959167425347,0.041739879870071606
769,1.0,2457290.0,20.331053829018614,28.44687723759884,-2.5771039005612826,-0.8914809141683225,0.6074553421343589,0.06923212941735365,6.091523913106581,-0.1053433553819291,7.251330512596095,0.17192783382330531,6.185594617533342,-0.00022388165852753404,-2.5991959167425347,0.041739879870071606
770,1.0,2456890.0,12.027662113654628,37.27585060578032,-9.037665304843674,-0.96818688226559,0.3896633443001671,-0.07113668300490922,6.091523913106581,-0.1053433553819291,7.251330512596095,0.17192783382330531,6.185594617533342,-0.00022388165852753404,-2.5991959167425347,0.041739879870071606
771,1.0,2456840.0,11.939966953502058,34.876855079878595,-5.938260450910388,-0.8925847218135129,0.27407092155490786,0.5422321213238573,6.091523913106581,-0.1053433553819291,7.251330512596095,0.17192783382330531,6.185594617533342,-0.00022388165852753404,-2.5991959167425347,0.041739879870071606
772,1.0,2457460.0,23.94595113749326,29.336791367770115,-1.7149223673663512,-0.8262912555594705,0.5447568093933921,-0.45530021249580765,6.091523913106581,-0.1053433553819291,7.251330512596095,0.17192783382330531,6.185594617533342,-0.00022388165852753404,-2.5991959167425347,0.041739879870071606
773,1.0,2457790.0,8.567899086106149,25.56371253923925,-10.923224995506073,-1.284271021566185,0.2484486524168638,-0.015073185122289714,6.091523913106581,-0.1053433553819291,7.251330512596095,0.17192783382330531,6.185594617533342,-0.00022388165852753404,-2.5991959167425347,0.041739879870071606
774,1.0,2457320.0,20.935366074117027,31.45040498335421,-10.442510371595446,-0.9388705293250894,0.3733452385963065,0.025804828966690816,6.091523913106581,-0.1053433553819291,7.251330512596095,0.17192783382330531,6.185594617533342,-0.00022388165852753404,-2.5991959167425347,0.041739879870071606
775,1.0,2456130.0,-36.00512251771558,26.768430236984774,-1.5135261986485862,-0.5864521898990959,-0.7138182077532678,0.06573442339209902,6.091523913106581,-0.1053433553819291,7.251330512596095,0.17192783382330531,6.185594617533342,-0.00022388165852753404,-2.5991959167425347,0.041739879870071606
776,1.0,2457020.0,-25.132333464770912,30.879138085940667,1.2632429227631132,-0.7876646183165548,-0.6844501475106622,0.07469801157042617,6.091523913106581,-0.1053433553819291,7.251330512596095,0.17192783382330531,6.185594617533342,-0.00022388165852753404,-2.5991959167425347,0.041739879870071606
777,1.0,2456100.0,-40.94379185663689,17.43587522584008,-5.245001319381945,-0.3736969845414006,-0.712936304763925,-0.412170939312511,6.091523913106581,-0.1053433553819291,7.251330512596095,0.17192783382330531,6.185594617533342,-0.00022388165852753404,-2.5991959167425347,0.041739879870071606
778,0.0,0.0,0.0,0.0,0.0,0.0,0.0,0.0,6.091523913106581,-0.1053433553819291,7.251330512596095,0.17192783382330531,6.185594617533342,-0.00022388165852753404,-2.5991959167425347,0.041739879870071606
779,1.0,2455910.0,5.1137169894890455,-42.471019387916044,1.8825075215520566,0.9586956076249746,0.06782795520429069,-0.026872507508581032,6.091523913106581,-0.1053433553819291,7.251330512596095,0.17192783382330531,6.185594617533342,-0.00022388165852753404,-2.5991959167425347,0.041739879870071606
780,1.0,2457310.0,7.810429133850749,-26.895004829473766,-1.4326574583092748,1.0326663144793422,0.27617334149063605,-0.6009006380501336,6.091523913106581,-0.1053433553819291,7.251330512596095,0.17192783382330531,6.185594617533342,-0.00022388165852753404,-2.5991959167425347,0.041739879870071606
781,1.0,2455970.0,5.662309723306531,-42.68812563713827,1.5124742743706412,0.94979934912468,0.11932214813910769,-0.02146028460881581,6.091523913106581,-0.1053433553819291,7.251330512596095,0.17192783382330531,6.185594617533342,-0.00022388165852753404,-2.5991959167425347,0.041739879870071606
782,1.0,2455990.0,5.599765191255868,-42.59811624660885,1.3055791977664972,0.9628658252967962,0.2052174669325405,0.009519441281392869,6.091523913106581,-0.1053433553819291,7.251330512596095,0.17192783382330531,6.185594617533342,-0.00022388165852753404,-2.5991959167425347,0.041739879870071606
783,1.0,2455820.0,5.6070208073895955,-46.42611424632068,1.817380682619482,0.8979527176788012,0.015322298544113724,-0.03461185913662651,6.091523913106581,-0.1053433553819291,7.251330512596095,0.17192783382330531,6.185594617533342,-0.00022388165852753404,-2.5991959167425347,0.041739879870071606
784,1.0,2455900.0,5.338927949396847,-42.389818522583866,1.392169716881012,0.9581381738677697,0.17273248139757966,0.029297943752012678,6.091523913106581,-0.1053433553819291,7.251330512596095,0.17192783382330531,6.185594617533342,-0.00022388165852753404,-2.5991959167425347,0.041739879870071606
785,1.0,2457810.0,17.94307969897982,-30.6762674825422,2.397031303376454,0.9385289212713398,0.4342812993684967,-0.426364354491426,6.091523913106581,-0.1053433553819291,7.251330512596095,0.17192783382330531,6.185594617533342,-0.00022388165852753404,-2.5991959167425347,0.041739879870071606
786,1.0,2456770.0,27.98647744168385,10.914916078905128,-5.097799091574076,-0.40858623538868943,1.0564288154956305,-0.00834257945418236,6.091523913106581,-0.1053433553819291,7.251330512596095,0.17192783382330531,6.185594617533342,-0.00022388165852753404,-2.5991959167425347,0.041739879870071606
787,1.0,2456070.0,25.045951015074312,16.004990333695467,1.9368872831908228,-0.7246237803314386,1.0466298335138564,-0.17743032028890937,6.091523913106581,-0.1053433553819291,7.251330512596095,0.17192783382330531,6.185594617533342,-0.00022388165852753404,-2.5991959167425347,0.041739879870071606
788,1.0,2455990.0,34.41688984595671,19.32821734067059,1.396312641022359,-0.5460277448977747,0.9229991880513474,-0.041041053059639766,6.091523913106581,-0.1053433553819291,7.251330512596095,0.17192783382330531,6.185594617533342,-0.00022388165852753404,-2.5991959167425347,0.041739879870071606
789,1.0,2456090.0,26.933050613120546,16.682707810933998,2.9746454022827127,-0.5925704655072112,1.0276142194831417,-0.014820923513487499,6.091523913106581,-0.1053433553819291,7.251330512596095,0.17192783382330531,6.185594617533342,-0.00022388165852753404,-2.5991959167425347,0.041739879870071606
790,1.0,2456060.0,39.027214136961746,22.099738624467207,3.179477129713884,-0.41516516834948675,0.7904095612344916,0.23756376204135973,6.091523913106581,-0.1053433553819291,7.251330512596095,0.17192783382330531,6.185594617533342,-0.00022388165852753404,-2.5991959167425347,0.041739879870071606
791,1.0,2457000.0,22.83321206657794,17.700003182984553,2.228473532040334,-0.7237566379590518,1.0932758830648852,-0.026212292585829758,6.091523913106581,-0.1053433553819291,7.251330512596095,0.17192783382330531,6.185594617533342,-0.00022388165852753404,-2.5991959167425347,0.041739879870071606
792,1.0,2456160.0,34.284388365338536,21.564703886090374,1.8086173451004313,-0.5247890452451882,0.8757136128976571,0.03329950966209684,6.091523913106581,-0.1053433553819291,7.251330512596095,0.17192783382330531,6.185594617533342,-0.00022388165852753404,-2.5991959167425347,0.041739879870071606
793,1.0,2456150.0,34.065812002921774,23.032323290476235,2.987690999528351,-0.7345879687964181,0.571155786968343,0.21879009312637795,6.091523913106581,-0.1053433553819291,7.251330512596095,0.17192783382330531,6.185594617533342,-0.00022388165852753404,-2.5991959167425347,0.041739879870071606
794,1.0,2456220.0,37.29606917321705,23.874920985174548,2.399319497644991,-0.555941903957714,0.7756163576082479,0.07302946352121928,6.091523913106581,-0.1053433553819291,7.251330512596095,0.17192783382330531,6.185594617533342,-0.00022388165852753404,-2.5991959167425347,0.041739879870071606
795,1.0,2456100.0,40.149073578605794,26.740892584043625,1.573679444407047,-0.4121574687550269,0.6741085529724511,-0.3289308970638904,6.091523913106581,-0.1053433553819291,7.251330512596095,0.17192783382330531,6.185594617533342,-0.00022388165852753404,-2.5991959167425347,0.041739879870071606
796,1.0,2455970.0,38.00155373491491,25.113946967526566,1.678216819014171,-0.5091535754638142,0.7761482340421755,0.0064932389899771,6.091523913106581,-0.1053433553819291,7.251330512596095,0.17192783382330531,6.185594617533342,-0.00022388165852753404,-2.5991959167425347,0.041739879870071606
797,1.0,2456200.0,35.58139496754874,22.147633910402597,3.584184749287782,-0.4534982602304216,0.9069351570647045,-0.16139276341465666,6.091523913106581,-0.1053433553819291,7.251330512596095,0.17192783382330531,6.185594617533342,-0.00022388165852753404,-2.5991959167425347,0.041739879870071606
798,1.0,2456070.0,35.35693713968468,23.568722691544657,1.8520265540788785,-0.4434582730152241,0.9031378629959926,0.00601151970190179,6.091523913106581,-0.1053433553819291,7.251330512596095,0.17192783382330531,6.185594617533342,-0.00022388165852753404,-2.5991959167425347,0.041739879870071606
799,1.0,2456030.0,30.246031434308073,18.73665264393022,0.7224889192208241,-0.6080239767805988,0.8472538283992255,-0.5309687373006231,6.091523913106581,-0.1053433553819291,7.251330512596095,0.17192783382330531,6.185594617533342,-0.00022388165852753404,-2.5991959167425347,0.041739879870071606
800,1.0,2455950.0,34.27316575627524,22.97685694243371,2.3786618759415066,-0.6371729988260195,0.7237396412605681,0.24449361926469065,6.091523913106581,-0.1053433553819291,7.251330512596095,0.17192783382330531,6.185594617533342,-0.00022388165852753404,-2.5991959167425347,0.041739879870071606
801,1.0,2456080.0,31.463505457196632,20.344502219540036,0.6594781560623633,-0.6197022127199165,0.8869411132427469,0.09460528312519936,6.091523913106581,-0.1053433553819291,7.251330512596095,0.17192783382330531,6.185594617533342,-0.00022388165852753404,-2.5991959167425347,0.041739879870071606
802,1.0,2455970.0,36.260161045423004,22.98476865601247,2.2836903541970006,-0.47823447130461294,0.6750104451195618,0.4668225729902059,6.091523913106581,-0.1053433553819291,7.251330512596095,0.17192783382330531,6.185594617533342,-0.00022388165852753404,-2.5991959167425347,0.041739879870071606
803,1.0,2457540.0,25.686604740439364,21.19857393235606,-0.034897533244276246,-0.8288062977435054,0.8192475189532691,-0.27709655317944937,6.091523913106581,-0.1053433553819291,7.251330512596095,0.17192783382330531,6.185594617533342,-0.00022388165852753404,-2.5991959167425347,0.041739879870071606
804,1.0,2456050.0,32.05946983054592,18.56358731311264,2.824868721893905,-0.4301588793826015,0.8701462922681832,-0.46835967687152275,6.091523913106581,-0.1053433553819291,7.251330512596095,0.17192783382330531,6.185594617533342,-0.00022388165852753404,-2.5991959167425347,0.041739879870071606
805,1.0,2456520.0,10.094362049698422,40.18745026679247,0.10563818965511998,-0.899017531794765,0.31580771132018615,-0.22925856163508074,6.091523913106581,-0.1053433553819291,7.251330512596095,0.17192783382330531,6.185594617533342,-0.00022388165852753404,-2.5991959167425347,0.041739879870071606
806,1.0,2456020.0,33.79717804579839,19.797283784722293,1.3362437962520908,-0.528426321021828,0.8979741940487679,0.005082247970982515,6.091523913106581,-0.1053433553819291,7.251330512596095,0.17192783382330531,6.185594617533342,-0.00022388165852753404,-2.5991959167425347,0.041739879870071606
807,1.0,2456020.0,36.098636542946494,22.87148339476519,3.5620205974361436,-0.4301032759606228,0.850023390913397,-0.14641587062057582,6.091523913106581,-0.1053433553819291,7.251330512596095,0.17192783382330531,6.185594617533342,-0.00022388165852753404,-2.5991959167425347,0.041739879870071606
808,1.0,2456250.0,41.09688234720035,25.419533060983174,2.769670807620794,-0.4492020707296985,0.694370218225495,0.12706441436067975,6.091523913106581,-0.1053433553819291,7.251330512596095,0.17192783382330531,6.185594617533342,-0.00022388165852753404,-2.5991959167425347,0.041739879870071606
809,1.0,2455990.0,33.53214996835952,22.3722523819526,2.35763519318486,-0.4970931180090271,0.9012857258284328,-0.179301907364148,6.091523913106581,-0.1053433553819291,7.251330512596095,0.17192783382330531,6.185594617533342,-0.00022388165852753404,-2.5991959167425347,0.041739879870071606
810,1.0,2456000.0,28.174834114828723,17.96451689497874,1.7255691869232765,-0.6294209094927213,1.018684110131981,0.02834364690703667,6.091523913106581,-0.1053433553819291,7.251330512596095,0.17192783382330531,6.185594617533342,-0.00022388165852753404,-2.5991959167425347,0.041739879870071606
811,1.0,2456060.0,35.730530749584105,19.912366781682188,1.910255271415859,-0.44845027835156986,0.7801001590284524,-0.3318915030062861,6.091523913106581,-0.1053433553819291,7.251330512596095,0.17192783382330531,6.185594617533342,-0.00022388165852753404,-2.5991959167425347,0.041739879870071606
812,1.0,2456050.0,28.833952034586382,17.46134186984425,3.0825382262040213,-0.6673977230783907,0.9798998396094283,0.01127187295755268,6.091523913106581,-0.1053433553819291,7.251330512596095,0.17192783382330531,6.185594617533342,-0.00022388165852753404,-2.5991959167425347,0.041739879870071606
813,1.0,2456120.0,27.636099274517797,18.4287895191812,0.7453227591486272,-0.718887179023483,0.9311648237615896,-0.05111489205551347,6.091523913106581,-0.1053433553819291,7.251330512596095,0.17192783382330531,6.185594617533342,-0.00022388165852753404,-2.5991959167425347,0.041739879870071606
814,1.0,2456040.0,25.931938738491127,17.163797056360664,0.6799752407451684,-0.5099670070983201,1.130807466235482,0.06836935207888635,6.091523913106581,-0.1053433553819291,7.251330512596095,0.17192783382330531,6.185594617533342,-0.00022388165852753404,-2.5991959167425347,0.041739879870071606
815,1.0,2456250.0,25.57428194009138,16.83093619600661,1.0472426828587782,-0.8253594334650904,0.8783596963522525,0.36053807830878065,6.091523913106581,-0.1053433553819291,7.251330512596095,0.17192783382330531,6.185594617533342,-0.00022388165852753404,-2.5991959167425347,0.041739879870071606
816,1.0,2456240.0,30.24426233631995,18.462447201167326,1.3990578285918458,-0.3368397343913136,1.0327824662046052,0.2279739641327546,6.091523913106581,-0.1053433553819291,7.251330512596095,0.17192783382330531,6.185594617533342,-0.00022388165852753404,-2.5991959167425347,0.041739879870071606
817,1.0,2456070.0,39.41097521539145,24.76115157239874,0.9632098707533464,-0.6179022197284705,0.7026476602758587,0.03430453748442884,6.091523913106581,-0.1053433553819291,7.251330512596095,0.17192783382330531,6.185594617533342,-0.00022388165852753404,-2.5991959167425347,0.041739879870071606
818,1.0,2457520.0,30.948633031343924,22.756839855494277,2.624112949808997,-0.7410268492254461,0.6740759274532884,0.21305733055603795,6.091523913106581,-0.1053433553819291,7.251330512596095,0.17192783382330531,6.185594617533342,-0.00022388165852753404,-2.5991959167425347,0.041739879870071606
819,1.0,2455950.0,38.80505487166355,24.882385815125424,2.991216939650716,-0.32325645922206964,0.8470115405228216,-0.26665792240448793,6.091523913106581,-0.1053433553819291,7.251330512596095,0.17192783382330531,6.185594617533342,-0.00022388165852753404,-2.5991959167425347,0.041739879870071606
820,1.0,2456140.0,24.930273437896265,14.717566191359248,1.26183694418278,-0.6801264305274444,1.0892596580938383,0.28027248220427664,6.091523913106581,-0.1053433553819291,7.251330512596095,0.17192783382330531,6.185594617533342,-0.00022388165852753404,-2.5991959167425347,0.041739879870071606
821,1.0,2456070.0,36.244431887947975,23.651856555081192,0.7546789364852695,-0.5485500555561913,0.7934298206835676,0.02259559871866795,6.091523913106581,-0.1053433553819291,7.251330512596095,0.17192783382330531,6.185594617533342,-0.00022388165852753404,-2.5991959167425347,0.041739879870071606
822,1.0,2456000.0,25.801015116086333,15.053604374605483,1.910425549818245,-0.5366587269597471,1.1630945763215446,0.058598258687121214,6.091523913106581,-0.1053433553819291,7.251330512596095,0.17192783382330531,6.185594617533342,-0.00022388165852753404,-2.5991959167425347,0.041739879870071606
823,1.0,2455980.0,34.752191681011844,22.45651857088985,0.7026573612491431,-0.5021211472301114,0.8634323978082998,0.07587796612193586,6.091523913106581,-0.1053433553819291,7.251330512596095,0.17192783382330531,6.185594617533342,-0.00022388165852753404,-2.5991959167425347,0.041739879870071606
824,1.0,2456100.0,31.423467147790976,20.888480370333088,1.9385308127993464,-0.3803322493038063,0.9567764791122182,0.1947962593696879,6.091523913106581,-0.1053433553819291,7.251330512596095,0.17192783382330531,6.185594617533342,-0.00022388165852753404,-2.5991959167425347,0.041739879870071606
825,1.0,2455990.0,34.70850587419027,22.64148793429163,0.8292749717515654,-0.6744269507169777,0.7419273804742408,0.07255400343885743,6.091523913106581,-0.1053433553819291,7.251330512596095,0.17192783382330531,6.185594617533342,-0.00022388165852753404,-2.5991959167425347,0.041739879870071606
826,1.0,2456030.0,33.16124373819258,21.81827028796536,0.8010685051058717,-0.49978751829959933,0.8931427562609633,0.12875826394403303,6.091523913106581,-0.1053433553819291,7.251330512596095,0.17192783382330531,6.185594617533342,-0.00022388165852753404,-2.5991959167425347,0.041739879870071606
827,1.0,2456020.0,28.38940171484935,18.91595481897533,1.8692458256297901,-0.5994897725059908,0.9634415058186971,0.16136311094260805,6.091523913106581,-0.1053433553819291,7.251330512596095,0.17192783382330531,6.185594617533342,-0.00022388165852753404,-2.5991959167425347,0.041739879870071606
828,1.0,2456060.0,36.50004202408064,22.976926519513544,1.4245866431234624,-0.5659474311282634,0.7887032164477338,0.0021842557618887135,6.091523913106581,-0.1053433553819291,7.251330512596095,0.17192783382330531,6.185594617533342,-0.00022388165852753404,-2.5991959167425347,0.041739879870071606
829,1.0,2456070.0,32.59597361543866,20.319108317817697,2.568329422612409,-0.43448708621766396,0.9321184990817155,0.004280241279842227,6.091523913106581,-0.1053433553819291,7.251330512596095,0.17192783382330531,6.185594617533342,-0.00022388165852753404,-2.5991959167425347,0.041739879870071606
830,1.0,2456070.0,38.13411449443052,24.243745148406962,0.9332055243826676,-0.4623618234204028,0.8193026633343464,0.005510585246141983,6.091523913106581,-0.1053433553819291,7.251330512596095,0.17192783382330531,6.185594617533342,-0.00022388165852753404,-2.5991959167425347,0.041739879870071606
831,1.0,2456170.0,26.2105998542065,17.580362050709912,1.5368956320662637,-0.6740090214147813,0.975341081984723,0.12839209331751897,6.091523913106581,-0.1053433553819291,7.251330512596095,0.17192783382330531,6.185594617533342,-0.00022388165852753404,-2.5991959167425347,0.041739879870071606
832,1.0,2457750.0,-11.027377740876249,30.021324630093083,5.327574056254684,-1.097990799800835,-0.48349370908149975,-0.03794130458846068,6.091523913106581,-0.1053433553819291,7.251330512596095,0.17192783382330531,6.185594617533342,-0.00022388165852753404,-2.5991959167425347,0.041739879870071606
833,1.0,2457010.0,-36.732882678467064,2.9480187973124945,-2.510879167781488,-0.10797698551398696,-1.1061173167592415,-0.20713696958449926,6.091523913106581,-0.1053433553819291,7.251330512596095,0.17192783382330531,6.185594617533342,-0.00022388165852753404,-2.5991959167425347,0.041739879870071606
834,1.0,2456620.0,-36.718368559011424,8.697491404360813,-1.4168636501929326,-0.29920567600755854,-1.053444877510972,0.23168143076323885,6.091523913106581,-0.1053433553819291,7.251330512596095,0.17192783382330531,6.185594617533342,-0.00022388165852753404,-2.5991959167425347,0.041739879870071606
835,1.0,2456980.0,-34.31339701225122,10.8030956014732,1.630840514294918,-0.253969062430549,-1.087695009131437,-0.13371021921404966,6.091523913106581,-0.1053433553819291,7.251330512596095,0.17192783382330531,6.185594617533342,-0.00022388165852753404,-2.5991959167425347,0.041739879870071606
836,1.0,2456980.0,-33.17994665428559,27.464336632328873,-2.333838511445989,-0.5736955270532276,-0.7200018685828794,0.2775967777751499,6.091523913106581,-0.1053433553819291,7.251330512596095,0.17192783382330531,6.185594617533342,-0.00022388165852753404,-2.5991959167425347,0.041739879870071606
837,1.0,2457070.0,-40.44805260005864,-8.592909644912003,1.641543801644839,0.20859444835363933,-0.9728405135726205,-0.04007027416718975,6.091523913106581,-0.1053433553819291,7.251330512596095,0.17192783382330531,6.185594617533342,-0.00022388165852753404,-2.5991959167425347,0.041739879870071606
838,1.0,2457100.0,-38.137562805712285,-12.05369329346777,3.5108934564761,0.09953043574706753,-0.97257877933301,-0.12281348033731494,6.091523913106581,-0.1053433553819291,7.251330512596095,0.17192783382330531,6.185594617533342,-0.00022388165852753404,-2.5991959167425347,0.041739879870071606
839,1.0,2457210.0,-37.44364912183919,-13.057757347174471,-2.488479883770176,0.30001217123904433,-0.9145429275424986,0.32471674055109434,6.091523913106581,-0.1053433553819291,7.251330512596095,0.17192783382330531,6.185594617533342,-0.00022388165852753404,-2.5991959167425347,0.041739879870071606
840,1.0,2457170.0,-34.18202236548163,-8.147696771272095,-0.5272505116550772,0.29303018681029075,-1.1273563193886684,-0.2698420515239235,6.091523913106581,-0.1053433553819291,7.251330512596095,0.17192783382330531,6.185594617533342,-0.00022388165852753404,-2.5991959167425347,0.041739879870071606
841,1.0,2456200.0,-42.668309488473135,-3.294339299437249,1.8319515694808217,0.09391154397576194,-0.9537374035797448,-0.02227885243242364,6.091523913106581,-0.1053433553819291,7.251330512596095,0.17192783382330531,6.185594617533342,-0.00022388165852753404,-2.5991959167425347,0.041739879870071606
842,0.0,0.0,0.0,0.0,0.0,0.0,0.0,0.0,6.091523913106581,-0.1053433553819291,7.251330512596095,0.17192783382330531,6.185594617533342,-0.00022388165852753404,-2.5991959167425347,0.041739879870071606
843,1.0,2456950.0,-30.35630076944015,-21.708097282751023,10.90101747472322,0.6435480189542959,-0.8763706155555391,0.045216663191001746,6.091523913106581,-0.1053433553819291,7.251330512596095,0.17192783382330531,6.185594617533342,-0.00022388165852753404,-2.5991959167425347,0.041739879870071606
844,1.0,2456510.0,6.575436562481502,-39.6054559437087,1.4802080291416448,1.023569437292733,0.15982766151189123,0.03969735941092423,6.091523913106581,-0.1053433553819291,7.251330512596095,0.17192783382330531,6.185594617533342,-0.00022388165852753404,-2.5991959167425347,0.041739879870071606
845,1.0,2456750.0,-21.604481394754732,-34.18750822653591,-3.7293964934679744,0.8694196945259507,-0.48952214782461173,0.1731435397927052,6.091523913106581,-0.1053433553819291,7.251330512596095,0.17192783382330531,6.185594617533342,-0.00022388165852753404,-2.5991959167425347,0.041739879870071606
846,1.0,2456860.0,-31.94058088556597,-25.82623082655543,1.846340415459352,0.5851501518098255,-0.7277363200442202,-0.274398721612592,6.091523913106581,-0.1053433553819291,7.251330512596095,0.17192783382330531,6.185594617533342,-0.00022388165852753404,-2.5991959167425347,0.041739879870071606
847,1.0,2456450.0,6.574594002547508,-40.4141495628169,1.4705852939491968,0.9737899083520031,0.3302319218349341,0.08382486896584185,6.091523913106581,-0.1053433553819291,7.251330512596095,0.17192783382330531,6.185594617533342,-0.00022388165852753404,-2.5991959167425347,0.041739879870071606
848,1.0,2457030.0,-29.7944388858252,-33.96424373286196,-5.153376082074937,0.5218690143234543,-0.7988874985739688,-0.048294013327323436,6.091523913106581,-0.1053433553819291,7.251330512596095,0.17192783382330531,6.185594617533342,-0.00022388165852753404,-2.5991959167425347,0.041739879870071606
849,1.0,2457190.0,-29.983510363915983,-26.527778634682193,7.118660230955781,0.8432481394870552,-0.6332099452406369,0.06939710889341374,6.091523913106581,-0.1053433553819291,7.251330512596095,0.17192783382330531,6.185594617533342,-0.00022388165852753404,-2.5991959167425347,0.041739879870071606
850,0.0,0.0,0.0,0.0,0.0,0.0,0.0,0.0,6.091523913106581,-0.1053433553819291,7.251330512596095,0.17192783382330531,6.185594617533342,-0.00022388165852753404,-2.5991959167425347,0.041739879870071606
851,1.0,2456960.0,39.24990150171691,8.476472292589515,4.965680381376103,-0.1675226168039315,0.997268950177486,-0.2963440765513948,6.091523913106581,-0.1053433553819291,7.251330512596095,0.17192783382330531,6.185594617533342,-0.00022388165852753404,-2.5991959167425347,0.041739879870071606
852,1.0,2457230.0,28.98797696216346,16.751861766711443,-5.561478192715299,-0.5996276929586809,1.0145259180547437,-0.03934562633386917,6.091523913106581,-0.1053433553819291,7.251330512596095,0.17192783382330531,6.185594617533342,-0.00022388165852753404,-2.5991959167425347,0.041739879870071606
853,1.0,2457010.0,35.4152838956925,6.558224526649244,-5.892922048886758,-0.07968356613762655,1.0715908712285005,-0.0634023405315513,6.091523913106581,-0.1053433553819291,7.251330512596095,0.17192783382330531,6.185594617533342,-0.00022388165852753404,-2.5991959167425347,0.041739879870071606
854,1.0,2457040.0,36.602944172386785,22.546426877213143,-3.602871080028814,-0.604587657701006,0.7790862972150426,-0.03941572289875938,6.091523913106581,-0.1053433553819291,7.251330512596095,0.17192783382330531,6.185594617533342,-0.00022388165852753404,-2.5991959167425347,0.041739879870071606
855,1.0,2457200.0,35.64677123390081,15.166782593876233,4.843831297957289,-0.4654555230066288,0.943432613440264,0.05547466217806407,6.091523913106581,-0.1053433553819291,7.251330512596095,0.17192783382330531,6.185594617533342,-0.00022388165852753404,-2.5991959167425347,0.041739879870071606
856,1.0,2457090.0,25.06410185255018,39.0587573184277,-6.123914433901878,-0.7091007765423643,0.5032898062108921,-0.0803323564975504,6.091523913106581,-0.1053433553819291,7.251330512596095,0.17192783382330531,6.185594617533342,-0.00022388165852753404,-2.5991959167425347,0.041739879870071606
857,1.0,2457220.0,21.010624696853668,32.50185860042337,-1.4207926663796244,-0.792048847754635,0.6896605135744379,-0.028638643505930917,6.091523913106581,-0.1053433553819291,7.251330512596095,0.17192783382330531,6.185594617533342,-0.00022388165852753404,-2.5991959167425347,0.041739879870071606
858,1.0,2456960.0,18.75791521028876,41.556309105648694,-1.3727060575319263,-0.8382865638712295,0.3529314864044518,0.061205306727675414,6.091523913106581,-0.1053433553819291,7.251330512596095,0.17192783382330531,6.185594617533342,-0.00022388165852753404,-2.5991959167425347,0.041739879870071606
859,1.0,2456190.0,24.529001058766134,15.770317729109285,8.853941717785192,-0.5933471759744695,1.0740001377705557,-0.2958633876234616,6.091523913106581,-0.1053433553819291,7.251330512596095,0.17192783382330531,6.185594617533342,-0.00022388165852753404,-2.5991959167425347,0.041739879870071606
860,1.0,2456130.0,35.994714351921004,24.96556200301692,12.492016169550395,-0.330212267535256,0.7585584693200723,-0.22497772274895447,6.091523913106581,-0.1053433553819291,7.251330512596095,0.17192783382330531,6.185594617533342,-0.00022388165852753404,-2.5991959167425347,0.041739879870071606
861,1.0,2456220.0,29.56424810639024,18.44736579964021,10.551952003937135,-0.5752693452184583,0.9149748196696711,-0.1877191071299371,6.091523913106581,-0.1053433553819291,7.251330512596095,0.17192783382330531,6.185594617533342,-0.00022388165852753404,-2.5991959167425347,0.041739879870071606
862,1.0,2456120.0,34.25387518101673,20.964147765300684,11.316520129792702,-0.47130271735877693,0.8752988182016852,-0.05238279671645363,6.091523913106581,-0.1053433553819291,7.251330512596095,0.17192783382330531,6.185594617533342,-0.00022388165852753404,-2.5991959167425347,0.041739879870071606
863,1.0,2456210.0,29.44682128869865,19.17012578748052,10.097036887194188,-0.6886073759467561,0.8549325506924003,0.2154387434319626,6.091523913106581,-0.1053433553819291,7.251330512596095,0.17192783382330531,6.185594617533342,-0.00022388165852753404,-2.5991959167425347,0.041739879870071606
864,1.0,2456160.0,33.97944132516254,22.520388439918495,11.696613396788152,-0.49208349838689913,0.8196962465145312,-0.053435561999273316,6.091523913106581,-0.1053433553819291,7.251330512596095,0.17192783382330531,6.185594617533342,-0.00022388165852753404,-2.5991959167425347,0.041739879870071606
865,1.0,2456130.0,32.30600196084443,21.0617972256668,10.588233998683295,-0.46975752213433153,0.910744809391055,-0.08934338507413361,6.091523913106581,-0.1053433553819291,7.251330512596095,0.17192783382330531,6.185594617533342,-0.00022388165852753404,-2.5991959167425347,0.041739879870071606
866,1.0,2456180.0,41.54441172183591,29.09170658053346,14.349343731964769,-0.4386933202441597,0.6877972399050414,0.07411437950950331,6.091523913106581,-0.1053433553819291,7.251330512596095,0.17192783382330531,6.185594617533342,-0.00022388165852753404,-2.5991959167425347,0.041739879870071606
867,1.0,2457020.0,32.976575691802886,21.720754801153195,-13.804723029565645,-0.46160318550586055,0.9192620560635495,-0.028159241774191282,6.091523913106581,-0.1053433553819291,7.251330512596095,0.17192783382330531,6.185594617533342,-0.00022388165852753404,-2.5991959167425347,0.041739879870071606
868,1.0,2457280.0,11.901259573226499,37.8451366096284,-11.079219969983715,-0.9732965450721925,-0.0136947033306523,-0.3818600797467271,6.091523913106581,-0.1053433553819291,7.251330512596095,0.17192783382330531,6.185594617533342,-0.00022388165852753404,-2.5991959167425347,0.041739879870071606
869,1.0,2456420.0,30.948038429460908,25.44649390106397,-10.829452403067764,-0.7378832752825215,0.671049771038651,0.08960775325681683,6.091523913106581,-0.1053433553819291,7.251330512596095,0.17192783382330531,6.185594617533342,-0.00022388165852753404,-2.5991959167425347,0.041739879870071606
870,1.0,2457230.0,-28.432072700361967,26.57885846491074,-1.404356844116095,-0.7412873499197945,-0.7961586700078245,0.029540280277163895,6.091523913106581,-0.1053433553819291,7.251330512596095,0.17192783382330531,6.185594617533342,-0.00022388165852753404,-2.5991959167425347,0.041739879870071606
871,1.0,2457230.0,-20.690070873118557,27.638970157754898,-3.6770592437441567,-0.9706422624997778,-0.6566726462972463,0.046925489141024394,6.091523913106581,-0.1053433553819291,7.251330512596095,0.17192783382330531,6.185594617533342,-0.00022388165852753404,-2.5991959167425347,0.041739879870071606
872,1.0,2457030.0,-41.71386647539969,23.808251773940327,4.316289497095392,-0.4093143328153595,-0.6869902127632468,0.01829929996981322,6.091523913106581,-0.1053433553819291,7.251330512596095,0.17192783382330531,6.185594617533342,-0.00022388165852753404,-2.5991959167425347,0.041739879870071606
873,1.0,2457270.0,-27.318539518140085,31.503623115967425,0.0016775747969206556,-0.7264792424511821,-0.7185934375583581,-0.15040708938734307,6.091523913106581,-0.1053433553819291,7.251330512596095,0.17192783382330531,6.185594617533342,-0.00022388165852753404,-2.5991959167425347,0.041739879870071606
874,1.0,2457140.0,-47.86511139520559,0.3935016040206456,-7.713959113384033,-0.04830442734765155,-0.8548914067714812,-0.05866984903612152,6.091523913106581,-0.1053433553819291,7.251330512596095,0.17192783382330531,6.185594617533342,-0.00022388165852753404,-2.5991959167425347,0.041739879870071606
875,1.0,2456310.0,-34.87146763578008,-25.115849002065925,1.4329017173866971,0.5497743893522936,-0.8116138135350972,0.03204027744923744,6.091523913106581,-0.1053433553819291,7.251330512596095,0.17192783382330531,6.185594617533342,-0.00022388165852753404,-2.5991959167425347,0.041739879870071606
876,1.0,2456790.0,-41.703452756084516,-17.010255210024056,-1.1930553822550145,0.379892063584706,-0.8464606819906265,-0.0030237290625976234,6.091523913106581,-0.1053433553819291,7.251330512596095,0.17192783382330531,6.185594617533342,-0.00022388165852753404,-2.5991959167425347,0.041739879870071606
877,1.0,2457000.0,-43.035558486825416,3.135614237641043,-6.947926531405412,-0.07765088445933876,-0.9467987855876726,-0.21833880428395322,6.091523913106581,-0.1053433553819291,7.251330512596095,0.17192783382330531,6.185594617533342,-0.00022388165852753404,-2.5991959167425347,0.041739879870071606
878,1.0,2456960.0,-37.426468505438955,-16.439674866833776,-3.617536361537243,0.21406811758321267,-0.9394595373551582,0.06086033351005826,6.091523913106581,-0.1053433553819291,7.251330512596095,0.17192783382330531,6.185594617533342,-0.00022388165852753404,-2.5991959167425347,0.041739879870071606
879,1.0,2457120.0,-41.13303205956691,3.134137368362297,-5.192986138967229,0.08223349683871704,-0.9779865146578864,-0.16892854965685838,6.091523913106581,-0.1053433553819291,7.251330512596095,0.17192783382330531,6.185594617533342,-0.00022388165852753404,-2.5991959167425347,0.041739879870071606
880,1.0,2456700.0,-60.91210418058835,-27.114778320068194,-6.064002876125697,0.05387784080901664,-0.683809327764167,0.28610930556672093,6.091523913106581,-0.1053433553819291,7.251330512596095,0.17192783382330531,6.185594617533342,-0.00022388165852753404,-2.5991959167425347,0.041739879870071606
881,1.0,2456790.0,-32.077871803264465,-10.345990618034218,0.7178402429585209,0.27383249257534786,-1.1678375907788365,-0.05496808402143066,6.091523913106581,-0.1053433553819291,7.251330512596095,0.17192783382330531,6.185594617533342,-0.00022388165852753404,-2.5991959167425347,0.041739879870071606
882,1.0,2457740.0,-45.06679289122015,15.200773016669078,-9.89129164926779,-0.0738879054555582,-0.8934061965089133,-0.0758768002533,6.091523913106581,-0.1053433553819291,7.251330512596095,0.17192783382330531,6.185594617533342,-0.00022388165852753404,-2.5991959167425347,0.041739879870071606
883,1.0,2456680.0,-33.09704432548753,-25.95422988475178,1.2257182921945238,0.6224965515340681,-0.764037345285618,-0.061313168810373395,6.091523913106581,-0.1053433553819291,7.251330512596095,0.17192783382330531,6.185594617533342,-0.00022388165852753404,-2.5991959167425347,0.041739879870071606
884,1.0,2456650.0,-35.312170912763804,-27.647667568448632,1.2679955334966437,0.5804382335344631,-0.7089525883840677,0.03574859878846154,6.091523913106581,-0.1053433553819291,7.251330512596095,0.17192783382330531,6.185594617533342,-0.00022388165852753404,-2.5991959167425347,0.041739879870071606
885,1.0,2456590.0,-35.06978181995185,-26.276875204291244,0.11885125364065141,0.5444062666913544,-0.7682774542106314,-0.037782782003425316,6.091523913106581,-0.1053433553819291,7.251330512596095,0.17192783382330531,6.185594617533342,-0.00022388165852753404,-2.5991959167425347,0.041739879870071606
886,1.0,2456650.0,-34.52587599499125,-27.055931385998246,1.6449408224095061,0.6075026889771609,-0.7124734298722905,-0.036283701496625215,6.091523913106581,-0.1053433553819291,7.251330512596095,0.17192783382330531,6.185594617533342,-0.00022388165852753404,-2.5991959167425347,0.041739879870071606
887,1.0,2456820.0,-29.2279894699502,-20.046248134971428,0.750385971040217,0.5956339322612675,-0.9242195280498606,0.1324420609873694,6.091523913106581,-0.1053433553819291,7.251330512596095,0.17192783382330531,6.185594617533342,-0.00022388165852753404,-2.5991959167425347,0.041739879870071606
888,1.0,2456610.0,-30.67531385103238,-24.165892002663256,1.1928258047856592,0.6273600448150319,-0.8482894486714376,-0.0938436244527502,6.091523913106581,-0.1053433553819291,7.251330512596095,0.17192783382330531,6.185594617533342,-0.00022388165852753404,-2.5991959167425347,0.041739879870071606
889,1.0,2456640.0,-25.56242201494107,-18.001562502491225,-0.138905780111527,0.539156490586527,-1.1069876928858418,-0.08282511263729532,6.091523913106581,-0.1053433553819291,7.251330512596095,0.17192783382330531,6.185594617533342,-0.00022388165852753404,-2.5991959167425347,0.041739879870071606
890,1.0,2456550.0,-35.43408034565516,-28.741496039261754,-0.31907372256120614,0.5446212711514912,-0.7326351792690831,-0.04872558177662315,6.091523913106581,-0.1053433553819291,7.251330512596095,0.17192783382330531,6.185594617533342,-0.00022388165852753404,-2.5991959167425347,0.041739879870071606
891,1.0,2456610.0,-30.44455852559277,-21.620728998392927,0.0690441149458767,0.45601312024950985,-0.9161180426519132,-0.26469369240438906,6.091523913106581,-0.1053433553819291,7.251330512596095,0.17192783382330531,6.185594617533342,-0.00022388165852753404,-2.5991959167425347,0.041739879870071606
892,1.0,2456330.0,-34.66439045296625,-27.300319982974827,0.2864849843712078,0.568938187808842,-0.7531776336104915,0.006886407591997585,6.091523913106581,-0.1053433553819291,7.251330512596095,0.17192783382330531,6.185594617533342,-0.00022388165852753404,-2.5991959167425347,0.041739879870071606
893,1.0,2456640.0,-28.87879429329327,-20.131091547178777,1.2883233615169039,0.5520481323270328,-0.9660287363715636,-0.018706783587552032,6.091523913106581,-0.1053433553819291,7.251330512596095,0.17192783382330531,6.185594617533342,-0.00022388165852753404,-2.5991959167425347,0.041739879870071606
894,1.0,2456610.0,-37.79997404773373,-30.218924676953087,1.3327046207926472,0.5269838216151065,-0.6189119266201129,0.3711615898158215,6.091523913106581,-0.1053433553819291,7.251330512596095,0.17192783382330531,6.185594617533342,-0.00022388165852753404,-2.5991959167425347,0.041739879870071606
895,1.0,2456670.0,-24.83334719741163,-18.827815029491184,-0.18643764113160666,0.6336638910486759,-1.0242791990011149,-0.28783508056953777,6.091523913106581,-0.1053433553819291,7.251330512596095,0.17192783382330531,6.185594617533342,-0.00022388165852753404,-2.5991959167425347,0.041739879870071606
896,1.0,2456670.0,-25.400603668004685,-19.373996959255827,0.8703478849617516,0.8652333567564655,-0.7739165808381757,-0.3505640397238735,6.091523913106581,-0.1053433553819291,7.251330512596095,0.17192783382330531,6.185594617533342,-0.00022388165852753404,-2.5991959167425347,0.041739879870071606
897,1.0,2456770.0,-35.32157918403468,-28.96439371383244,0.7810491266335249,0.4824338698433915,-0.6838909538656893,-0.1436644097204511,6.091523913106581,-0.1053433553819291,7.251330512596095,0.17192783382330531,6.185594617533342,-0.00022388165852753404,-2.5991959167425347,0.041739879870071606
898,1.0,2456630.0,-26.181771693989212,-22.053347128113913,0.48192648789198067,0.8452519237312056,-0.7367858275769054,-0.20611808491648906,6.091523913106581,-0.1053433553819291,7.251330512596095,0.17192783382330531,6.185594617533342,-0.00022388165852753404,-2.5991959167425347,0.041739879870071606
899,1.0,2456700.0,-35.77583996353792,-24.26922944633683,-0.5265090274720361,0.4422407850041687,-0.7750213376813742,-0.36855732802853447,6.091523913106581,-0.1053433553819291,7.251330512596095,0.17192783382330531,6.185594617533342,-0.00022388165852753404,-2.5991959167425347,0.041739879870071606
900,1.0,2456780.0,-34.98607044212157,-22.756139676995748,1.2763739869458914,0.5091805612837045,-0.8582047196571004,-0.035942642950602344,6.091523913106581,-0.1053433553819291,7.251330512596095,0.17192783382330531,6.185594617533342,-0.00022388165852753404,-2.5991959167425347,0.041739879870071606
901,1.0,2456600.0,-28.39672799665213,-23.30174300853035,-0.0685219222146678,0.5890460198487765,-0.7697506575539592,-0.4373491547908351,6.091523913106581,-0.1053433553819291,7.251330512596095,0.17192783382330531,6.185594617533342,-0.00022388165852753404,-2.5991959167425347,0.041739879870071606
902,1.0,2456650.0,-35.7797556678382,-23.18013553427611,1.0243985573897296,0.5058861227738036,-0.6542050403559384,-0.4630825084072636,6.091523913106581,-0.1053433553819291,7.251330512596095,0.17192783382330531,6.185594617533342,-0.00022388165852753404,-2.5991959167425347,0.041739879870071606
903,1.0,2456680.0,-36.52743553536852,-25.127119932995395,1.2935731702298319,0.5449354237122183,-0.7616690252804198,0.007848810180127145,6.091523913106581,-0.1053433553819291,7.251330512596095,0.17192783382330531,6.185594617533342,-0.00022388165852753404,-2.5991959167425347,0.041739879870071606
904,1.0,2456710.0,-43.41000890894182,-33.49269705831554,0.47957516914774134,0.5548276278275892,-0.5664356254118708,0.02626924343800534,6.091523913106581,-0.1053433553819291,7.251330512596095,0.17192783382330531,6.185594617533342,-0.00022388165852753404,-2.5991959167425347,0.041739879870071606
905,1.0,2456890.0,-33.70653735842741,-24.71581844360587,1.686566216260026,0.510234968913251,-0.8744588386238905,-0.025076381101928943,6.091523913106581,-0.1053433553819291,7.251330512596095,0.17192783382330531,6.185594617533342,-0.00022388165852753404,-2.5991959167425347,0.041739879870071606
906,1.0,2456720.0,-33.95206561389722,-22.980216479825632,0.31191169563834104,0.6030925243705567,-0.8108078759513905,0.027652077903221925,6.091523913106581,-0.1053433553819291,7.251330512596095,0.17192783382330531,6.185594617533342,-0.00022388165852753404,-2.5991959167425347,0.041739879870071606
907,1.0,2456660.0,-33.701618510228066,-24.836418330023697,0.7989398660850906,0.607923764596593,-0.7647420923576563,-0.07040914042341904,6.091523913106581,-0.1053433553819291,7.251330512596095,0.17192783382330531,6.185594617533342,-0.00022388165852753404,-2.5991959167425347,0.041739879870071606
908,1.0,2456590.0,-31.92083972993017,-23.195230744264038,1.5465780376054983,0.61473426254657,-0.8488646817745196,-0.023834602392783507,6.091523913106581,-0.1053433553819291,7.251330512596095,0.17192783382330531,6.185594617533342,-0.00022388165852753404,-2.5991959167425347,0.041739879870071606
909,1.0,2456950.0,-40.54605138413442,-27.27129975488773,1.265104026192816,0.4392489039931414,-0.6803204684829322,-0.17200337530691615,6.091523913106581,-0.1053433553819291,7.251330512596095,0.17192783382330531,6.185594617533342,-0.00022388165852753404,-2.5991959167425347,0.041739879870071606
910,1.0,2456680.0,-34.51619257472324,-26.624384690119225,-0.37432549406583937,0.5036800596909999,-0.819319695118271,-0.03824704131002837,6.091523913106581,-0.1053433553819291,7.251330512596095,0.17192783382330531,6.185594617533342,-0.00022388165852753404,-2.5991959167425347,0.041739879870071606
911,1.0,2456890.0,-30.977166605345992,-22.00102229607459,1.3234648624528997,0.5302057789341316,-0.9388874526129976,-0.14841636421306179,6.091523913106581,-0.1053433553819291,7.251330512596095,0.17192783382330531,6.185594617533342,-0.00022388165852753404,-2.5991959167425347,0.041739879870071606
912,1.0,2456700.0,-33.08841868751334,-25.690462251069114,-0.13309605443889638,0.6385343270434364,-0.7676340518863632,-0.0866409602777564,6.091523913106581,-0.1053433553819291,7.251330512596095,0.17192783382330531,6.185594617533342,-0.00022388165852753404,-2.5991959167425347,0.041739879870071606
913,1.0,2456850.0,-31.790150996686624,-25.335365295552258,0.23300640196098366,0.585398217470469,-0.7898714734412106,0.12860616357690313,6.091523913106581,-0.1053433553819291,7.251330512596095,0.17192783382330531,6.185594617533342,-0.00022388165852753404,-2.5991959167425347,0.041739879870071606
914,1.0,2456850.0,-37.067913296169806,-28.174389693903617,1.3990885486305826,0.5730337818897863,-0.6813522113280326,-0.04318883560629504,6.091523913106581,-0.1053433553819291,7.251330512596095,0.17192783382330531,6.185594617533342,-0.00022388165852753404,-2.5991959167425347,0.041739879870071606
915,1.0,2456670.0,-33.25328580034502,-22.846976050769804,0.7250099194985022,0.5888208162310347,-0.8254711898429127,-0.08747304686756964,6.091523913106581,-0.1053433553819291,7.251330512596095,0.17192783382330531,6.185594617533342,-0.00022388165852753404,-2.5991959167425347,0.041739879870071606
916,1.0,2456590.0,-30.443325266330316,-20.907858037323333,0.34419188168126635,0.7415160775406721,-0.874317806477651,-0.020206895365689124,6.091523913106581,-0.1053433553819291,7.251330512596095,0.17192783382330531,6.185594617533342,-0.00022388165852753404,-2.5991959167425347,0.041739879870071606
917,1.0,2456630.0,-35.109610050499775,-24.1266664584605,0.879481130285463,0.5891849999676277,-0.7674430977253363,-0.06793195742672539,6.091523913106581,-0.1053433553819291,7.251330512596095,0.17192783382330531,6.185594617533342,-0.00022388165852753404,-2.5991959167425347,0.041739879870071606
918,1.0,2456670.0,-34.04685533189918,-23.202164368196335,0.37701557469210334,0.617331801441856,-0.8042697734327248,-0.09416264733602547,6.091523913106581,-0.1053433553819291,7.251330512596095,0.17192783382330531,6.185594617533342,-0.00022388165852753404,-2.5991959167425347,0.041739879870071606
919,1.0,2456650.0,-32.376570965672435,-24.986386463909106,1.5225226124694071,0.5351538428351588,-0.750913857051356,0.3557492923286937,6.091523913106581,-0.1053433553819291,7.251330512596095,0.17192783382330531,6.185594617533342,-0.00022388165852753404,-2.5991959167425347,0.041739879870071606
920,1.0,2456770.0,-29.775425918231875,-23.825626279107436,1.1134253124430762,0.5694761882817942,-0.858096566931093,0.3833139936799983,6.091523913106581,-0.1053433553819291,7.251330512596095,0.17192783382330531,6.185594617533342,-0.00022388165852753404,-2.5991959167425347,0.041739879870071606
921,1.0,2456630.0,-30.00747599085934,-24.08588623967357,0.27045391933259477,0.7397966629354374,-0.7843001988595644,-0.1565240990513021,6.091523913106581,-0.1053433553819291,7.251330512596095,0.17192783382330531,6.185594617533342,-0.00022388165852753404,-2.5991959167425347,0.041739879870071606
922,1.0,2456810.0,-34.87563806564355,-27.83676149012347,0.7856783239635894,0.5860812729259969,-0.7255140420783399,-0.05776096593202306,6.091523913106581,-0.1053433553819291,7.251330512596095,0.17192783382330531,6.185594617533342,-0.00022388165852753404,-2.5991959167425347,0.041739879870071606
923,1.0,2457770.0,-15.889029022725943,-32.52854206526611,11.740824268417963,0.8868112810952039,-0.497614297780722,0.21828435544713934,6.091523913106581,-0.1053433553819291,7.251330512596095,0.17192783382330531,6.185594617533342,-0.00022388165852753404,-2.5991959167425347,0.041739879870071606
924,1.0,2457280.0,-18.529458287978304,-42.00969706798704,14.684280362596477,0.8738579940839886,-0.20403693170681525,0.008321521979624468,6.091523913106581,-0.1053433553819291,7.251330512596095,0.17192783382330531,6.185594617533342,-0.00022388165852753404,-2.5991959167425347,0.041739879870071606
925,1.0,2456750.0,-24.536735639984943,-21.68179339792385,5.706484278962238,0.5992901318202,-1.010291609041044,0.018710748194774602,6.091523913106581,-0.1053433553819291,7.251330512596095,0.17192783382330531,6.185594617533342,-0.00022388165852753404,-2.5991959167425347,0.041739879870071606
926,1.0,2457070.0,-26.27713317704589,-26.320672996076432,9.592894102962203,0.6728493970989602,-0.7479381993632072,-0.2829124737626892,6.091523913106581,-0.1053433553819291,7.251330512596095,0.17192783382330531,6.185594617533342,-0.00022388165852753404,-2.5991959167425347,0.041739879870071606
927,1.0,2456740.0,-25.77989369989225,-24.21533163324148,11.789393160837964,0.712495986077225,-0.7839845906490642,0.17681863015292262,6.091523913106581,-0.1053433553819291,7.251330512596095,0.17192783382330531,6.185594617533342,-0.00022388165852753404,-2.5991959167425347,0.041739879870071606
928,1.0,2456640.0,-17.71630711913306,-28.292005644128693,5.256323715765663,0.9617422830323114,-0.6323738320010446,0.1051103798669587,6.091523913106581,-0.1053433553819291,7.251330512596095,0.17192783382330531,6.185594617533342,-0.00022388165852753404,-2.5991959167425347,0.041739879870071606
929,1.0,2456660.0,-16.228359442665436,-27.32815408620763,3.359430633773148,0.9236287321325962,-0.6078854212390901,-0.4945859285925965,6.091523913106581,-0.1053433553819291,7.251330512596095,0.17192783382330531,6.185594617533342,-0.00022388165852753404,-2.5991959167425347,0.041739879870071606
930,1.0,2456690.0,-18.366263602665825,-30.153773570685395,5.31349955017589,0.9440803920462362,-0.5309127789771615,0.18425516937386138,6.091523913106581,-0.1053433553819291,7.251330512596095,0.17192783382330531,6.185594617533342,-0.00022388165852753404,-2.5991959167425347,0.041739879870071606
931,1.0,2456960.0,-18.174949351458487,-31.244554297458315,3.8905928714018256,0.8852828838492323,-0.7450170365430863,-0.09215153442375144,6.091523913106581,-0.1053433553819291,7.251330512596095,0.17192783382330531,6.185594617533342,-0.00022388165852753404,-2.5991959167425347,0.041739879870071606
932,1.0,2456690.0,-15.71765841342093,-27.47958855738835,3.6039210016918135,0.896882785359301,-0.8156266100401708,-0.06962772327753038,6.091523913106581,-0.1053433553819291,7.251330512596095,0.17192783382330531,6.185594617533342,-0.00022388165852753404,-2.5991959167425347,0.041739879870071606
933,1.0,2456710.0,-15.867322996886271,-28.11744145241976,3.724565270181801,1.0159066491164042,-0.619180867514164,-0.10240348132625221,6.091523913106581,-0.1053433553819291,7.251330512596095,0.17192783382330531,6.185594617533342,-0.00022388165852753404,-2.5991959167425347,0.041739879870071606
934,1.0,2456780.0,-24.098766109359413,-38.0891953832589,7.35333128695153,0.7627953842625348,-0.3838771925787476,0.22914266212637624,6.091523913106581,-0.1053433553819291,7.251330512596095,0.17192783382330531,6.185594617533342,-0.00022388165852753404,-2.5991959167425347,0.041739879870071606
935,1.0,2456770.0,-14.66631900120035,-25.83377929925224,3.5603803962150247,1.0985122558597484,-0.5673292521180623,-0.326483105959972,6.091523913106581,-0.1053433553819291,7.251330512596095,0.17192783382330531,6.185594617533342,-0.00022388165852753404,-2.5991959167425347,0.041739879870071606
936,1.0,2456690.0,-14.001891724105427,-25.48148562243449,3.803702722463724,1.2132978410300925,-0.4609214651432296,0.004085273249070264,6.091523913106581,-0.1053433553819291,7.251330512596095,0.17192783382330531,6.185594617533342,-0.00022388165852753404,-2.5991959167425347,0.041739879870071606
937,1.0,2456800.0,-23.75901873160205,-39.42212793978466,5.779793413478048,0.8310464626619255,-0.4256905851297024,-0.052791198396276696,6.091523913106581,-0.1053433553819291,7.251330512596095,0.17192783382330531,6.185594617533342,-0.00022388165852753404,-2.5991959167425347,0.041739879870071606
938,1.0,2457450.0,-17.765248447572077,-36.96170908872065,7.262294186784783,0.7085544941996238,-0.5482728848181659,0.30734822764517483,6.091523913106581,-0.1053433553819291,7.251330512596095,0.17192783382330531,6.185594617533342,-0.00022388165852753404,-2.5991959167425347,0.041739879870071606
939,1.0,2456700.0,-13.398879789188213,-26.576062023978267,3.6885306713714305,1.105097257581714,-0.47955850414172424,-0.42201244616788874,6.091523913106581,-0.1053433553819291,7.251330512596095,0.17192783382330531,6.185594617533342,-0.00022388165852753404,-2.5991959167425347,0.041739879870071606
940,1.0,2456690.0,-14.90708689209509,-31.2283374143499,4.351349642605095,0.891236986780472,-0.6810850887714576,0.00751849473972491,6.091523913106581,-0.1053433553819291,7.251330512596095,0.17192783382330531,6.185594617533342,-0.00022388165852753404,-2.5991959167425347,0.041739879870071606
941,1.0,2456740.0,-17.967246254410007,-36.048707162606505,5.040818192743082,0.8895016955799429,-0.46867987613530393,0.029089504750344913,6.091523913106581,-0.1053433553819291,7.251330512596095,0.17192783382330531,6.185594617533342,-0.00022388165852753404,-2.5991959167425347,0.041739879870071606
942,1.0,2456780.0,-27.915289723533977,-43.797637712473914,5.851123826407063,0.6868256329208053,-0.42003903856562347,-0.13320244604896758,6.091523913106581,-0.1053433553819291,7.251330512596095,0.17192783382330531,6.185594617533342,-0.00022388165852753404,-2.5991959167425347,0.041739879870071606
943,1.0,2456770.0,-16.74215561420488,-33.97720033884765,5.106490057074202,0.9903333425855083,-0.583083634037664,-0.008655118960660978,6.091523913106581,-0.1053433553819291,7.251330512596095,0.17192783382330531,6.185594617533342,-0.00022388165852753404,-2.5991959167425347,0.041739879870071606
944,1.0,2456860.0,-21.82532829968251,-34.46424200824316,5.515005527768848,0.758410158939484,-0.5311288851270697,-0.3001624762598205,6.091523913106581,-0.1053433553819291,7.251330512596095,0.17192783382330531,6.185594617533342,-0.00022388165852753404,-2.5991959167425347,0.041739879870071606
945,1.0,2456730.0,-21.5060983182769,-33.438857400879,6.170965664529994,0.8887404200386128,-0.4851231633777037,0.07140711855673645,6.091523913106581,-0.1053433553819291,7.251330512596095,0.17192783382330531,6.185594617533342,-0.00022388165852753404,-2.5991959167425347,0.041739879870071606
946,1.0,2456700.0,-21.43231023919879,-33.53670957018683,6.260776104746936,0.8123205131055115,-0.5630524775887686,0.1592306614843845,6.091523913106581,-0.1053433553819291,7.251330512596095,0.17192783382330531,6.185594617533342,-0.00022388165852753404,-2.5991959167425347,0.041739879870071606
947,1.0,2456620.0,-20.424830331741997,-34.8215989766147,5.674047709767962,0.8240063707767982,-0.6025986340182262,-0.032578746615763654,6.091523913106581,-0.1053433553819291,7.251330512596095,0.17192783382330531,6.185594617533342,-0.00022388165852753404,-2.5991959167425347,0.041739879870071606
948,1.0,2456680.0,-19.156669009419062,-33.72895770797947,4.927822628318234,0.96750181238925,-0.43839484164873843,-0.1858619077621956,6.091523913106581,-0.1053433553819291,7.251330512596095,0.17192783382330531,6.185594617533342,-0.00022388165852753404,-2.5991959167425347,0.041739879870071606
949,1.0,2456530.0,-21.71129097616568,-34.003687772203925,4.873327816686054,0.8592173234641757,-0.5107130328948739,0.11533375242486309,6.091523913106581,-0.1053433553819291,7.251330512596095,0.17192783382330531,6.185594617533342,-0.00022388165852753404,-2.5991959167425347,0.041739879870071606
950,1.0,2456580.0,-18.45852615856129,-34.5936665194821,6.198430110603946,0.8856013890304838,-0.4436473462322523,0.1805414782931406,6.091523913106581,-0.1053433553819291,7.251330512596095,0.17192783382330531,6.185594617533342,-0.00022388165852753404,-2.5991959167425347,0.041739879870071606
951,1.0,2456640.0,-19.10622476202895,-37.49917794654322,6.058462768342311,0.8010714032643955,-0.6018612036395183,0.0689426471470516,6.091523913106581,-0.1053433553819291,7.251330512596095,0.17192783382330531,6.185594617533342,-0.00022388165852753404,-2.5991959167425347,0.041739879870071606
952,1.0,2456640.0,-19.34190100262368,-31.54403228259314,5.2075144415682235,0.7874497393807403,-0.5505032456122876,-0.4539101380784082,6.091523913106581,-0.1053433553819291,7.251330512596095,0.17192783382330531,6.185594617533342,-0.00022388165852753404,-2.5991959167425347,0.041739879870071606
953,1.0,2456320.0,-22.926155702539393,-37.29095849118136,-5.8566539482710445,0.7023079580090192,-0.6599743525938196,-0.0772819072762005,6.091523913106581,-0.1053433553819291,7.251330512596095,0.17192783382330531,6.185594617533342,-0.00022388165852753404,-2.5991959167425347,0.041739879870071606
954,1.0,2457400.0,-25.72108962939007,-32.66037851093475,-1.8733292018210717,0.7910903429836605,-0.5911585798875613,-0.031757130984710294,6.091523913106581,-0.1053433553819291,7.251330512596095,0.17192783382330531,6.185594617533342,-0.00022388165852753404,-2.5991959167425347,0.041739879870071606
955,1.0,2457600.0,-19.36533426483533,-39.62674802693358,-5.453889808080117,0.8914299244466103,-0.34187999510638184,0.06419379921157453,6.091523913106581,-0.1053433553819291,7.251330512596095,0.17192783382330531,6.185594617533342,-0.00022388165852753404,-2.5991959167425347,0.041739879870071606
956,1.0,2456680.0,-16.045594522583354,-25.3342483487145,4.615612379814929,1.0761219155562824,-0.6536991988492784,-0.11813508096754897,6.091523913106581,-0.1053433553819291,7.251330512596095,0.17192783382330531,6.185594617533342,-0.00022388165852753404,-2.5991959167425347,0.041739879870071606
957,1.0,2456290.0,-18.17749746459042,-37.20727695796566,-4.910032591407665,0.8941335596486724,-0.3940532078909259,0.09985025855134874,6.091523913106581,-0.1053433553819291,7.251330512596095,0.17192783382330531,6.185594617533342,-0.00022388165852753404,-2.5991959167425347,0.041739879870071606
958,1.0,2457690.0,28.74699942971058,-31.019905658817287,-5.588520349894898,0.5736803574183795,0.669347476210481,-0.3474943925136987,6.091523913106581,-0.1053433553819291,7.251330512596095,0.17192783382330531,6.185594617533342,-0.00022388165852753404,-2.5991959167425347,0.041739879870071606
959,1.0,2457160.0,20.98722781409718,-28.662695974104295,-4.302378157274704,0.8677379550193562,0.5181936649934222,0.48314224114306853,6.091523913106581,-0.1053433553819291,7.251330512596095,0.17192783382330531,6.185594617533342,-0.00022388165852753404,-2.5991959167425347,0.041739879870071606
960,1.0,2457090.0,35.733934133453396,-26.54410935145986,-5.447854984457815,0.40032814651928283,0.6998319983254002,0.47992920961255536,6.091523913106581,-0.1053433553819291,7.251330512596095,0.17192783382330531,6.185594617533342,-0.00022388165852753404,-2.5991959167425347,0.041739879870071606
961,1.0,2457370.0,35.04710018047816,-20.52352733032538,-1.58738179086614,0.6606568726618565,0.8439604738734388,0.0022718984439105013,6.091523913106581,-0.1053433553819291,7.251330512596095,0.17192783382330531,6.185594617533342,-0.00022388165852753404,-2.5991959167425347,0.041739879870071606
962,1.0,2456250.0,32.723779998882456,-11.936079598480507,-3.9523136298798605,0.4801754767450638,0.8844723853595742,0.45063898709153766,6.091523913106581,-0.1053433553819291,7.251330512596095,0.17192783382330531,6.185594617533342,-0.00022388165852753404,-2.5991959167425347,0.041739879870071606
963,1.0,2457470.0,43.79975266898012,-11.534289575681367,-5.276946565074663,0.2377035421290665,0.8189141605224006,0.06012602135989703,6.091523913106581,-0.1053433553819291,7.251330512596095,0.17192783382330531,6.185594617533342,-0.00022388165852753404,-2.5991959167425347,0.041739879870071606
964,1.0,2456920.0,31.647995405655774,19.357030406476348,-10.939224836035155,-0.4748972421108392,0.8838498509350137,0.21658699281963775,6.091523913106581,-0.1053433553819291,7.251330512596095,0.17192783382330531,6.185594617533342,-0.00022388165852753404,-2.5991959167425347,0.041739879870071606
965,1.0,2457040.0,33.33009409225057,21.022665156043868,-14.410564557308597,-0.7383675126874027,0.6316907636931295,-0.052537162511338775,6.091523913106581,-0.1053433553819291,7.251330512596095,0.17192783382330531,6.185594617533342,-0.00022388165852753404,-2.5991959167425347,0.041739879870071606
966,1.0,2457010.0,37.127917885663074,22.809005534467005,-14.208724149056007,-0.34891826415020033,0.7594198773583597,-0.14998793517864403,6.091523913106581,-0.1053433553819291,7.251330512596095,0.17192783382330531,6.185594617533342,-0.00022388165852753404,-2.5991959167425347,0.041739879870071606
967,1.0,2457270.0,34.12804430803921,-18.80950482181435,8.353955163345704,0.41190576278397323,0.9347892814237588,-0.12058674455717697,6.091523913106581,-0.1053433553819291,7.251330512596095,0.17192783382330531,6.185594617533342,-0.00022388165852753404,-2.5991959167425347,0.041739879870071606
968,1.0,2456920.0,40.83601672069746,9.830211898157234,-0.4941580424876174,-0.1907561222712287,0.9696314599778331,0.006732963464107515,6.091523913106581,-0.1053433553819291,7.251330512596095,0.17192783382330531,6.185594617533342,-0.00022388165852753404,-2.5991959167425347,0.041739879870071606
969,1.0,2457150.0,46.21986493710146,10.234007809035596,-1.8251041368157814,-0.13978574723270462,0.8653030151513786,0.03901786174456045,6.091523913106581,-0.1053433553819291,7.251330512596095,0.17192783382330531,6.185594617533342,-0.00022388165852753404,-2.5991959167425347,0.041739879870071606
970,1.0,2456740.0,32.37398318192808,21.289251425776815,-12.522685280711883,-0.27837354649752816,0.8474969182182179,0.42385860864957586,6.091523913106581,-0.1053433553819291,7.251330512596095,0.17192783382330531,6.185594617533342,-0.00022388165852753404,-2.5991959167425347,0.041739879870071606
971,1.0,2457370.0,33.575061369968914,18.430104713893837,-6.325062883885412,-0.5510824101456547,0.936063360209631,0.03942960354793286,6.091523913106581,-0.1053433553819291,7.251330512596095,0.17192783382330531,6.185594617533342,-0.00022388165852753404,-2.5991959167425347,0.041739879870071606
972,1.0,2457520.0,23.755849163449035,26.14206304919499,1.1274872449408238,-0.8320440689023513,0.7396072552374473,0.24181115459195734,6.091523913106581,-0.1053433553819291,7.251330512596095,0.17192783382330531,6.185594617533342,-0.00022388165852753404,-2.5991959167425347,0.041739879870071606
973,0.0,0.0,0.0,0.0,0.0,0.0,0.0,0.0,6.091523913106581,-0.1053433553819291,7.251330512596095,0.17192783382330531,6.185594617533342,-0.00022388165852753404,-2.5991959167425347,0.041739879870071606
974,1.0,2457470.0,53.0403314741626,8.877820991184933,-10.465825090101141,-0.24314168485325502,0.7448458660665359,-0.03235394595704736,6.091523913106581,-0.1053433553819291,7.251330512596095,0.17192783382330531,6.185594617533342,-0.00022388165852753404,-2.5991959167425347,0.041739879870071606
975,1.0,2456850.0,41.661831578501875,10.903646692174298,-1.404055022149783,-0.17621865740563725,0.9685512814082461,0.010962710590653157,6.091523913106581,-0.1053433553819291,7.251330512596095,0.17192783382330531,6.185594617533342,-0.00022388165852753404,-2.5991959167425347,0.041739879870071606
976,1.0,2456790.0,42.47016006574843,12.999204680678869,-1.4241540784383473,-0.21239722967694688,0.9245807244796602,-0.004278133508606391,6.091523913106581,-0.1053433553819291,7.251330512596095,0.17192783382330531,6.185594617533342,-0.00022388165852753404,-2.5991959167425347,0.041739879870071606
977,1.0,2456810.0,43.06825768515139,13.400559752672928,-1.373277257809602,-0.23214623308376664,0.9046068004528428,-0.04836666354593618,6.091523913106581,-0.1053433553819291,7.251330512596095,0.17192783382330531,6.185594617533342,-0.00022388165852753404,-2.5991959167425347,0.041739879870071606
978,1.0,2456780.0,41.916321955410794,12.993852530210056,-2.086657899655992,-0.23644691599164105,0.9100707831928023,0.03971694146928113,6.091523913106581,-0.1053433553819291,7.251330512596095,0.17192783382330531,6.185594617533342,-0.00022388165852753404,-2.5991959167425347,0.041739879870071606
979,1.0,2456900.0,41.185303389828235,13.528466648364011,-1.6800081804992932,-0.34454109257620513,0.9237915530013291,0.02016790684057302,6.091523913106581,-0.1053433553819291,7.251330512596095,0.17192783382330531,6.185594617533342,-0.00022388165852753404,-2.5991959167425347,0.041739879870071606
980,1.0,2457370.0,-44.842867412458574,6.040376762340075,-2.4574124994869115,-0.12077991790292111,-0.9321021712309288,-0.028971585311608407,6.091523913106581,-0.1053433553819291,7.251330512596095,0.17192783382330531,6.185594617533342,-0.00022388165852753404,-2.5991959167425347,0.041739879870071606
981,1.0,2456720.0,-35.711274976526994,5.247324863219594,0.054533819063596,-0.1275000998172661,-0.94486003309734,-0.5535935261486756,6.091523913106581,-0.1053433553819291,7.251330512596095,0.17192783382330531,6.185594617533342,-0.00022388165852753404,-2.5991959167425347,0.041739879870071606
982,1.0,2457400.0,-21.3396530870712,28.5501245151523,1.015451046522183,-0.786129017141596,-0.8329518547408117,0.07324527526728153,6.091523913106581,-0.1053433553819291,7.251330512596095,0.17192783382330531,6.185594617533342,-0.00022388165852753404,-2.5991959167425347,0.041739879870071606
983,1.0,2457260.0,-33.71336273708728,34.91109646032639,0.23169782082567303,-0.5449223152280873,-0.696609829236325,0.10931017819772815,6.091523913106581,-0.1053433553819291,7.251330512596095,0.17192783382330531,6.185594617533342,-0.00022388165852753404,-2.5991959167425347,0.041739879870071606
984,1.0,2457670.0,-40.68236878593382,22.781788839473304,-10.0774600427083,-0.2926630675918334,-0.8355471016826843,-0.11667358620321673,6.091523913106581,-0.1053433553819291,7.251330512596095,0.17192783382330531,6.185594617533342,-0.00022388165852753404,-2.5991959167425347,0.041739879870071606
985,1.0,2457540.0,-30.299073403369142,28.981644722674474,0.9814316356568503,-0.6936662603752349,-0.6546484733091087,-0.18488210319302203,6.091523913106581,-0.1053433553819291,7.251330512596095,0.17192783382330531,6.185594617533342,-0.00022388165852753404,-2.5991959167425347,0.041739879870071606
986,1.0,2457380.0,-27.681826471031073,21.77586752737073,-13.206680106593817,-0.49031367763077127,-0.9282959314456314,-0.2855422010553497,6.091523913106581,-0.1053433553819291,7.251330512596095,0.17192783382330531,6.185594617533342,-0.00022388165852753404,-2.5991959167425347,0.041739879870071606
987,1.0,2457420.0,-34.605472757094105,16.01774887413694,3.351970826661884,-0.3399021945750463,-0.957056182897687,0.531967090068368,6.091523913106581,-0.1053433553819291,7.251330512596095,0.17192783382330531,6.185594617533342,-0.00022388165852753404,-2.5991959167425347,0.041739879870071606
988,1.0,2457390.0,-42.982813372938175,-6.715591817930163,2.464254711435864,0.28400787733709665,-0.9259836872940311,-0.1437138823271292,6.091523913106581,-0.1053433553819291,7.251330512596095,0.17192783382330531,6.185594617533342,-0.00022388165852753404,-2.5991959167425347,0.041739879870071606
989,1.0,2456890.0,-42.47159350344573,6.940902768417386,-0.6905932251026567,-0.16030262037717952,-0.9549547492392804,0.028595033320037055,6.091523913106581,-0.1053433553819291,7.251330512596095,0.17192783382330531,6.185594617533342,-0.00022388165852753404,-2.5991959167425347,0.041739879870071606
990,1.0,2457190.0,-43.65563223405946,3.7989237735713637,0.9400722310218328,-0.0751543109526838,-0.9366124923412366,0.10442389597063606,6.091523913106581,-0.1053433553819291,7.251330512596095,0.17192783382330531,6.185594617533342,-0.00022388165852753404,-2.5991959167425347,0.041739879870071606
991,1.0,2457560.0,-39.05550303814931,-17.231938994602693,3.8297247237496537,0.28221138837491255,-0.8396307031288791,-0.3712498859667095,6.091523913106581,-0.1053433553819291,7.251330512596095,0.17192783382330531,6.185594617533342,-0.00022388165852753404,-2.5991959167425347,0.041739879870071606
992,1.0,2457100.0,-38.91210363042711,-5.960066990915504,2.9182171818174343,0.2728798743946503,-0.9207807847382816,0.01679994755812366,6.091523913106581,-0.1053433553819291,7.251330512596095,0.17192783382330531,6.185594617533342,-0.00022388165852753404,-2.5991959167425347,0.041739879870071606
993,1.0,2457250.0,-22.595549522418708,-29.541378011347895,3.3197764764939053,0.809087850880473,-0.6441028298788128,-0.0839707664044815,6.091523913106581,-0.1053433553819291,7.251330512596095,0.17192783382330531,6.185594617533342,-0.00022388165852753404,-2.5991959167425347,0.041739879870071606
994,1.0,2457680.0,-24.219227910892258,-34.66161417326387,8.02845544554853,0.6867751387956029,-0.6570726208608741,0.05356239603095423,6.091523913106581,-0.1053433553819291,7.251330512596095,0.17192783382330531,6.185594617533342,-0.00022388165852753404,-2.5991959167425347,0.041739879870071606
995,1.0,2457430.0,-38.117405883985526,-4.502329089182396,1.333004810352877,0.2550048760787505,-1.060430828804535,-0.17877334304273404,6.091523913106581,-0.1053433553819291,7.251330512596095,0.17192783382330531,6.185594617533342,-0.00022388165852753404,-2.5991959167425347,0.041739879870071606
996,1.0,2457090.0,-46.425665032371796,-10.141404618402849,7.392092870613672,0.21588217496686687,-0.8421079339449181,-0.09949537365177194,6.091523913106581,-0.1053433553819291,7.251330512596095,0.17192783382330531,6.185594617533342,-0.00022388165852753404,-2.5991959167425347,0.041739879870071606
997,1.0,2457480.0,-46.41936187768416,4.4693845435204755,-4.298807830799942,-0.01990144394449,-0.9217302947673148,-0.06244723235754292,6.091523913106581,-0.1053433553819291,7.251330512596095,0.17192783382330531,6.185594617533342,-0.00022388165852753404,-2.5991959167425347,0.041739879870071606
998,1.0,2457390.0,-31.418445472456398,29.036462866455537,-2.1467500141864835,-0.6681622403235034,-0.7548609625203322,0.05464786999028233,6.091523913106581,-0.1053433553819291,7.251330512596095,0.17192783382330531,6.185594617533342,-0.00022388165852753404,-2.5991959167425347,0.041739879870071606
999,1.0,2457350.0,-25.149982098333645,-15.831227112002779,2.366576451357628,0.7508144813455958,-0.9134640025433137,0.5051352835753296,6.091523913106581,-0.1053433553819291,7.251330512596095,0.17192783382330531,6.185594617533342,-0.00022388165852753404,-2.5991959167425347,0.041739879870071606
1000,1.0,2457280.0,-47.61652213302442,-6.570685771163465,4.636297223464413,-0.053632798456717576,-0.7883924722795254,-0.10325953123815612,6.091523913106581,-0.1053433553819291,7.251330512596095,0.17192783382330531,6.185594617533342,-0.00022388165852753404,-2.5991959167425347,0.041739879870071606
1001,1.0,2457250.0,-39.10188859416179,-6.471087041377238,6.769773358389238,0.2587016783404134,-0.8954104127790186,0.13916288103657865,6.091523913106581,-0.1053433553819291,7.251330512596095,0.17192783382330531,6.185594617533342,-0.00022388165852753404,-2.5991959167425347,0.041739879870071606
1002,1.0,2457770.0,-33.0930222115581,-14.293854512536814,11.023011347263525,0.4981566062665525,-0.937926292410049,0.1400330036696847,6.091523913106581,-0.1053433553819291,7.251330512596095,0.17192783382330531,6.185594617533342,-0.00022388165852753404,-2.5991959167425347,0.041739879870071606
1003,1.0,2458390.0,-28.248994612257967,-47.625473519993946,-5.2808133013955505,0.7743283944523026,-0.2397638304165048,-0.10311919283176815,6.091523913106581,-0.1053433553819291,7.251330512596095,0.17192783382330531,6.185594617533342,-0.00022388165852753404,-2.5991959167425347,0.041739879870071606
1004,1.0,2456730.0,-31.80760529705266,-5.8812203032633965,0.16021284117913726,0.1788186707127296,-1.1821204333965112,0.12645922125902664,6.091523913106581,-0.1053433553819291,7.251330512596095,0.17192783382330531,6.185594617533342,-0.00022388165852753404,-2.5991959167425347,0.041739879870071606
1005,0.0,0.0,0.0,0.0,0.0,0.0,0.0,0.0,6.091523913106581,-0.1053433553819291,7.251330512596095,0.17192783382330531,6.185594617533342,-0.00022388165852753404,-2.5991959167425347,0.041739879870071606
1006,1.0,2457590.0,-51.1622873645927,13.37504646115649,-17.12298717461757,-0.3549976673139483,-0.5798812927634196,0.33724774490284937,6.091523913106581,-0.1053433553819291,7.251330512596095,0.17192783382330531,6.185594617533342,-0.00022388165852753404,-2.5991959167425347,0.041739879870071606
1007,1.0,2456910.0,-39.363171972988866,0.64689775120954,2.375341450084168,-0.14582897305166748,-0.9305472663915777,-0.48891623173362775,6.091523913106581,-0.1053433553819291,7.251330512596095,0.17192783382330531,6.185594617533342,-0.00022388165852753404,-2.5991959167425347,0.041739879870071606
1008,1.0,2457270.0,-44.86163787479187,-11.93766015409666,-11.7291429528874,0.36659623000057046,-0.7133778016512206,-0.32044686221145624,6.091523913106581,-0.1053433553819291,7.251330512596095,0.17192783382330531,6.185594617533342,-0.00022388165852753404,-2.5991959167425347,0.041739879870071606
1009,1.0,2457170.0,-37.20882470837677,-7.529005720652746,0.5455900627286141,0.29386086927062816,-0.9619232708016487,0.3924618475051296,6.091523913106581,-0.1053433553819291,7.251330512596095,0.17192783382330531,6.185594617533342,-0.00022388165852753404,-2.5991959167425347,0.041739879870071606
1010,1.0,2457480.0,-36.34436769808986,-9.312758402137355,-9.27950132521039,0.02572787712064667,-1.053941989190608,0.17417321988851944,6.091523913106581,-0.1053433553819291,7.251330512596095,0.17192783382330531,6.185594617533342,-0.00022388165852753404,-2.5991959167425347,0.041739879870071606
1011,1.0,2457030.0,-52.59964959272599,13.16361133649692,-16.613347588356934,-0.061258527090128544,-0.8929251091891811,-0.27177821275027353,6.091523913106581,-0.1053433553819291,7.251330512596095,0.17192783382330531,6.185594617533342,-0.00022388165852753404,-2.5991959167425347,0.041739879870071606
1012,1.0,2457440.0,-22.059502222913316,-19.056479483761,4.777857031327768,0.6823537227014069,-1.0328571805975255,-0.37715210410395744,6.091523913106581,-0.1053433553819291,7.251330512596095,0.17192783382330531,6.185594617533342,-0.00022388165852753404,-2.5991959167425347,0.041739879870071606
1013,1.0,2457010.0,-32.08113371290982,-17.44600888725691,10.755863845395485,0.39232909392159787,-1.0388007499803837,0.13363847029194964,6.091523913106581,-0.1053433553819291,7.251330512596095,0.17192783382330531,6.185594617533342,-0.00022388165852753404,-2.5991959167425347,0.041739879870071606
1014,1.0,2457140.0,-24.725517704759824,-20.149903385312943,-4.587257088728275,0.7311842200251143,-0.9575042330623086,-0.07659821628618983,6.091523913106581,-0.1053433553819291,7.251330512596095,0.17192783382330531,6.185594617533342,-0.00022388165852753404,-2.5991959167425347,0.041739879870071606
1015,1.0,2457050.0,-19.79347907052961,-22.918164611062657,-0.6350180261811493,1.0232273364101772,-0.6478481625138577,0.37517534942622494,6.091523913106581,-0.1053433553819291,7.251330512596095,0.17192783382330531,6.185594617533342,-0.00022388165852753404,-2.5991959167425347,0.041739879870071606
1016,1.0,2457270.0,-31.67871220095028,-33.13690819371383,-2.133768359047901,0.7254461413185495,-0.555492338381148,-0.18579041989586426,6.091523913106581,-0.1053433553819291,7.251330512596095,0.17192783382330531,6.185594617533342,-0.00022388165852753404,-2.5991959167425347,0.041739879870071606
1017,1.0,2457840.0,-19.35265233599285,-30.534950197277706,13.481077466532147,0.9858949358255659,-0.38491018552890127,0.1552627546693865,6.091523913106581,-0.1053433553819291,7.251330512596095,0.17192783382330531,6.185594617533342,-0.00022388165852753404,-2.5991959167425347,0.041739879870071606
1018,1.0,2457390.0,-15.455603685687528,-31.748782135832442,11.288943442748302,1.0779390407596778,-0.43005171454171826,-0.06464952216905583,6.091523913106581,-0.1053433553819291,7.251330512596095,0.17192783382330531,6.185594617533342,-0.00022388165852753404,-2.5991959167425347,0.041739879870071606
1019,1.0,2457660.0,-31.991237272080667,-24.050271901848994,4.949164197441286,0.5898349243762068,-0.7266831661148508,-0.36162334339349295,6.091523913106581,-0.1053433553819291,7.251330512596095,0.17192783382330531,6.185594617533342,-0.00022388165852753404,-2.5991959167425347,0.041739879870071606
1020,1.0,2457660.0,-23.88283578053359,-18.114577611924968,8.565199094751941,0.5437411306901239,-1.1073567270754652,0.12873583034151603,6.091523913106581,-0.1053433553819291,7.251330512596095,0.17192783382330531,6.185594617533342,-0.00022388165852753404,-2.5991959167425347,0.041739879870071606
1021,1.0,2457150.0,-34.073882066913654,-24.87288749503111,3.2776042510918084,0.5731935370518817,-0.7982029042809232,-0.06729850851962324,6.091523913106581,-0.1053433553819291,7.251330512596095,0.17192783382330531,6.185594617533342,-0.00022388165852753404,-2.5991959167425347,0.041739879870071606
1022,1.0,2457510.0,-23.740853054809968,-18.29145870063119,0.1711177581620002,0.7991011507381395,-0.9810673235351317,-0.19975692981419177,6.091523913106581,-0.1053433553819291,7.251330512596095,0.17192783382330531,6.185594617533342,-0.00022388165852753404,-2.5991959167425347,0.041739879870071606
1023,1.0,2457060.0,-28.50190235176733,-25.098331661343344,4.4904388300144085,0.5948738236984713,-0.8100307380333276,-0.22714782156653207,6.091523913106581,-0.1053433553819291,7.251330512596095,0.17192783382330531,6.185594617533342,-0.00022388165852753404,-2.5991959167425347,0.041739879870071606
1024,1.0,2457100.0,-20.542034803712816,-21.841336032042882,3.4793518018216267,0.9349411906854965,-0.8098137102346689,-0.2905107551937627,6.091523913106581,-0.1053433553819291,7.251330512596095,0.17192783382330531,6.185594617533342,-0.00022388165852753404,-2.5991959167425347,0.041739879870071606
1025,1.0,2457060.0,-38.98458066325989,-12.487383698516341,6.040575923755233,0.35929529681372374,-0.9316570644056776,0.018193846023438886,6.091523913106581,-0.1053433553819291,7.251330512596095,0.17192783382330531,6.185594617533342,-0.00022388165852753404,-2.5991959167425347,0.041739879870071606
1026,1.0,2457500.0,-23.33171614573572,-28.97057462905693,10.11549824561062,0.6847727099760977,-0.6614960304167965,-0.32190696009886394,6.091523913106581,-0.1053433553819291,7.251330512596095,0.17192783382330531,6.185594617533342,-0.00022388165852753404,-2.5991959167425347,0.041739879870071606
1027,1.0,2457540.0,-20.259615313310427,-33.410890864952506,2.986261480033579,0.8463359814282686,-0.6083819508682259,0.2822659496110461,6.091523913106581,-0.1053433553819291,7.251330512596095,0.17192783382330531,6.185594617533342,-0.00022388165852753404,-2.5991959167425347,0.041739879870071606
1028,1.0,2457540.0,-18.82248058182544,-23.35372926284655,6.7451243174764635,0.9745904255733595,-0.773361336024143,-0.17243056282657154,6.091523913106581,-0.1053433553819291,7.251330512596095,0.17192783382330531,6.185594617533342,-0.00022388165852753404,-2.5991959167425347,0.041739879870071606
1029,1.0,2457790.0,-29.731092498295993,-27.76717066847221,5.215705062338497,0.4562976635192525,-0.7900851639673757,-0.4285892704744467,6.091523913106581,-0.1053433553819291,7.251330512596095,0.17192783382330531,6.185594617533342,-0.00022388165852753404,-2.5991959167425347,0.041739879870071606
1030,1.0,2457700.0,-16.282168939905578,-28.990728343319386,12.019788435032424,1.047994272723932,-0.3702449206795522,-0.02561965792156795,6.091523913106581,-0.1053433553819291,7.251330512596095,0.17192783382330531,6.185594617533342,-0.00022388165852753404,-2.5991959167425347,0.041739879870071606
1031,1.0,2457250.0,-18.283712122003365,-21.91123986648855,3.040856700114516,1.0679159192504404,-0.7820156444838636,-0.03592945101301087,6.091523913106581,-0.1053433553819291,7.251330512596095,0.17192783382330531,6.185594617533342,-0.00022388165852753404,-2.5991959167425347,0.041739879870071606
1032,1.0,2457070.0,-21.23828583725995,-40.2350447239648,14.679236963969977,0.9519688689271849,-0.30848421795644976,0.12971866534458418,6.091523913106581,-0.1053433553819291,7.251330512596095,0.17192783382330531,6.185594617533342,-0.00022388165852753404,-2.5991959167425347,0.041739879870071606
1033,1.0,2457680.0,24.829920061277093,-33.77743216045501,5.028008321391569,0.7210880078963955,0.5131923105180677,-0.2917803203897551,6.091523913106581,-0.1053433553819291,7.251330512596095,0.17192783382330531,6.185594617533342,-0.00022388165852753404,-2.5991959167425347,0.041739879870071606
1034,1.0,2457170.0,-18.642790976821047,-25.02311828508901,3.6479882820549347,0.9138247176978498,-0.8206273791263319,-0.08179995303573247,6.091523913106581,-0.1053433553819291,7.251330512596095,0.17192783382330531,6.185594617533342,-0.00022388165852753404,-2.5991959167425347,0.041739879870071606
1035,1.0,2457770.0,17.0089078358084,-37.45118883902178,0.9323844024044119,0.8096896129656205,0.44312150162890873,-0.25408310170041926,6.091523913106581,-0.1053433553819291,7.251330512596095,0.17192783382330531,6.185594617533342,-0.00022388165852753404,-2.5991959167425347,0.041739879870071606
1036,1.0,2457760.0,18.37529615440913,-35.51929176574044,1.6012881542676387,0.9220128978455147,0.47474206691585824,-0.27658194271235337,6.091523913106581,-0.1053433553819291,7.251330512596095,0.17192783382330531,6.185594617533342,-0.00022388165852753404,-2.5991959167425347,0.041739879870071606
1037,1.0,2456920.0,-9.477008904405613,-30.240693378230386,7.855834565927935,1.163320274124347,-0.22807318647904715,-0.11929924860404882,6.091523913106581,-0.1053433553819291,7.251330512596095,0.17192783382330531,6.185594617533342,-0.00022388165852753404,-2.5991959167425347,0.041739879870071606
1038,1.0,2456920.0,-9.515355143087927,-28.75769099995641,6.759229380393112,1.2243313194434426,-0.19374693959135017,-0.03966684915832586,6.091523913106581,-0.1053433553819291,7.251330512596095,0.17192783382330531,6.185594617533342,-0.00022388165852753404,-2.5991959167425347,0.041739879870071606
1039,1.0,2456770.0,-9.153416436135434,-29.11103056421004,3.194064306998365,1.198141886335916,-0.35648760538942276,0.08952087314960033,6.091523913106581,-0.1053433553819291,7.251330512596095,0.17192783382330531,6.185594617533342,-0.00022388165852753404,-2.5991959167425347,0.041739879870071606
1040,1.0,2457000.0,-10.761860885177306,-34.69626266994991,9.394914234118389,0.9625122631837554,-0.20005177651721695,0.333047572684603,6.091523913106581,-0.1053433553819291,7.251330512596095,0.17192783382330531,6.185594617533342,-0.00022388165852753404,-2.5991959167425347,0.041739879870071606
1041,1.0,2457340.0,-26.74911804416741,-24.3380925294571,1.3211037873199971,0.6337573054220663,-0.8817723243171712,-0.10547589495751435,6.091523913106581,-0.1053433553819291,7.251330512596095,0.17192783382330531,6.185594617533342,-0.00022388165852753404,-2.5991959167425347,0.041739879870071606
1042,1.0,2457460.0,-20.83307216478704,-23.44890262418127,8.781485533460817,1.0416049365114055,-0.5801408394218955,0.059468165386077555,6.091523913106581,-0.1053433553819291,7.251330512596095,0.17192783382330531,6.185594617533342,-0.00022388165852753404,-2.5991959167425347,0.041739879870071606
1043,1.0,2457650.0,22.642198002052,-28.80002687343897,12.220549484573048,0.8698786684783151,0.5582201036392747,-0.07892257688199561,6.091523913106581,-0.1053433553819291,7.251330512596095,0.17192783382330531,6.185594617533342,-0.00022388165852753404,-2.5991959167425347,0.041739879870071606
1044,1.0,2456890.0,-13.841526443600662,-27.447911932998736,1.9683171190344468,1.0594188854329722,-0.6650853115068814,-0.027752538940251443,6.091523913106581,-0.1053433553819291,7.251330512596095,0.17192783382330531,6.185594617533342,-0.00022388165852753404,-2.5991959167425347,0.041739879870071606
1045,1.0,2456980.0,-13.367199712977008,-31.382660838639623,2.847123376078892,0.9529484100208943,-0.6117936790158074,-0.15019783761698483,6.091523913106581,-0.1053433553819291,7.251330512596095,0.17192783382330531,6.185594617533342,-0.00022388165852753404,-2.5991959167425347,0.041739879870071606
1046,1.0,2458030.0,32.23999222983517,-21.141892043313433,11.757089899009053,0.36098053426449267,0.9067989380658584,0.29306508752658983,6.091523913106581,-0.1053433553819291,7.251330512596095,0.17192783382330531,6.185594617533342,-0.00022388165852753404,-2.5991959167425347,0.041739879870071606
1047,1.0,2457410.0,31.962249213462457,-21.87785373750448,5.8938528221551,0.6016799320854022,0.7951977027263551,-0.2373299947724756,6.091523913106581,-0.1053433553819291,7.251330512596095,0.17192783382330531,6.185594617533342,-0.00022388165852753404,-2.5991959167425347,0.041739879870071606
1048,1.0,2457630.0,39.67179555058698,-3.031656593426625,0.6680837633224405,0.03936064983481747,1.036050505872964,-0.016447901974307236,6.091523913106581,-0.1053433553819291,7.251330512596095,0.17192783382330531,6.185594617533342,-0.00022388165852753404,-2.5991959167425347,0.041739879870071606
1049,1.0,2457480.0,35.37431883877392,-29.5655271652423,0.13622922644719287,0.596566688582446,0.6749316663005218,-0.02287486132746975,6.091523913106581,-0.1053433553819291,7.251330512596095,0.17192783382330531,6.185594617533342,-0.00022388165852753404,-2.5991959167425347,0.041739879870071606
1050,1.0,2456870.0,-26.62877008566338,-32.78140575293909,2.562895276448042,0.7906937404336384,-0.5723238135791178,-0.03083124352897766,6.091523913106581,-0.1053433553819291,7.251330512596095,0.17192783382330531,6.185594617533342,-0.00022388165852753404,-2.5991959167425347,0.041739879870071606
1051,1.0,2457280.0,18.933284078600497,-36.692903727306565,-5.874533086926127,0.8933573185682053,0.43384347627482084,-0.10791384128205238,6.091523913106581,-0.1053433553819291,7.251330512596095,0.17192783382330531,6.185594617533342,-0.00022388165852753404,-2.5991959167425347,0.041739879870071606
1052,1.0,2457650.0,36.384219209546536,-18.23513227087704,2.2185966856321104,0.5061468823241284,0.8767553967749357,-0.04869228348630004,6.091523913106581,-0.1053433553819291,7.251330512596095,0.17192783382330531,6.185594617533342,-0.00022388165852753404,-2.5991959167425347,0.041739879870071606
1053,1.0,2456920.0,37.34811950980746,-18.08375252747315,-2.0068226302155248,0.483190081424779,0.8881121600343487,0.15520398290289464,6.091523913106581,-0.1053433553819291,7.251330512596095,0.17192783382330531,6.185594617533342,-0.00022388165852753404,-2.5991959167425347,0.041739879870071606
1054,1.0,2457560.0,28.63881285881751,-26.71919792914366,-4.9225460641236225,0.7418279100743558,0.7546298910007891,0.04894224901443336,6.091523913106581,-0.1053433553819291,7.251330512596095,0.17192783382330531,6.185594617533342,-0.00022388165852753404,-2.5991959167425347,0.041739879870071606
1055,1.0,2456900.0,32.790933908127506,-14.451340356077868,-6.880175984783682,0.46565186201771774,1.071128387553565,0.029208023887636245,6.091523913106581,-0.1053433553819291,7.251330512596095,0.17192783382330531,6.185594617533342,-0.00022388165852753404,-2.5991959167425347,0.041739879870071606
1056,1.0,2457490.0,-18.342060359971825,-29.150201300030826,2.6604577280471697,1.0640367514914386,-0.3909019459548948,-0.0526833932974356,6.091523913106581,-0.1053433553819291,7.251330512596095,0.17192783382330531,6.185594617533342,-0.00022388165852753404,-2.5991959167425347,0.041739879870071606
1057,1.0,2457240.0,30.339581857762532,-28.599023795677784,-1.3368101591535604,0.6411874956652721,0.7244464565116348,0.20784106528969784,6.091523913106581,-0.1053433553819291,7.251330512596095,0.17192783382330531,6.185594617533342,-0.00022388165852753404,-2.5991959167425347,0.041739879870071606
1058,1.0,2457150.0,40.642012221231326,-18.53963917316579,-2.1705488931037444,0.4421197180975321,0.7503632713658199,-0.03092733251094046,6.091523913106581,-0.1053433553819291,7.251330512596095,0.17192783382330531,6.185594617533342,-0.00022388165852753404,-2.5991959167425347,0.041739879870071606
1059,1.0,2457330.0,37.21676212926302,-17.99523191171131,-5.861608296078929,0.46800310857996275,0.7937471741856804,0.24729113818329174,6.091523913106581,-0.1053433553819291,7.251330512596095,0.17192783382330531,6.185594617533342,-0.00022388165852753404,-2.5991959167425347,0.041739879870071606
1060,1.0,2457320.0,38.27126592039717,-14.319065865654052,-6.174047646765356,0.5324045292796264,0.8633699605770968,0.14173646146075258,6.091523913106581,-0.1053433553819291,7.251330512596095,0.17192783382330531,6.185594617533342,-0.00022388165852753404,-2.5991959167425347,0.041739879870071606
1061,1.0,2457140.0,47.38313484728134,-10.074095308270728,3.098100309792605,0.1364608615584382,0.8590208711572292,0.04720616644879574,6.091523913106581,-0.1053433553819291,7.251330512596095,0.17192783382330531,6.185594617533342,-0.00022388165852753404,-2.5991959167425347,0.041739879870071606
1062,1.0,2457200.0,36.773234432385316,-17.520524149427196,-3.2528460487360773,0.5616987630571848,0.7083267857843433,0.46428008860504927,6.091523913106581,-0.1053433553819291,7.251330512596095,0.17192783382330531,6.185594617533342,-0.00022388165852753404,-2.5991959167425347,0.041739879870071606
1063,1.0,2457160.0,33.11811678144732,-19.028323767850917,-1.2583714011406246,0.5835418463952391,0.9319069443770357,0.07440591977151134,6.091523913106581,-0.1053433553819291,7.251330512596095,0.17192783382330531,6.185594617533342,-0.00022388165852753404,-2.5991959167425347,0.041739879870071606
1064,1.0,2457800.0,35.24612107650005,1.497544580716097,-1.3166430161239253,-0.09707197711888421,1.096530305855785,0.41699040512447266,6.091523913106581,-0.1053433553819291,7.251330512596095,0.17192783382330531,6.185594617533342,-0.00022388165852753404,-2.5991959167425347,0.041739879870071606
1065,1.0,2457480.0,16.663646154692987,-41.89328073304878,-0.9158400215751938,0.9145497091791417,0.24317853526325925,0.059469966787274314,6.091523913106581,-0.1053433553819291,7.251330512596095,0.17192783382330531,6.185594617533342,-0.00022388165852753404,-2.5991959167425347,0.041739879870071606
1066,1.0,2457280.0,25.34064313405466,28.550684771707147,-2.8841921745030725,-0.7960371211188755,0.6384489142899379,0.01858732271535631,6.091523913106581,-0.1053433553819291,7.251330512596095,0.17192783382330531,6.185594617533342,-0.00022388165852753404,-2.5991959167425347,0.041739879870071606
1067,1.0,2457380.0,22.465185255107816,-34.93643017827878,1.5322865480945598,0.7591455950041383,0.6580751507387653,0.16090362583347018,6.091523913106581,-0.1053433553819291,7.251330512596095,0.17192783382330531,6.185594617533342,-0.00022388165852753404,-2.5991959167425347,0.041739879870071606
1068,1.0,2457430.0,16.602739780643947,-44.56979613659956,-5.062384058652291,0.8067184994042388,0.03063617452285339,0.4995281804005985,6.091523913106581,-0.1053433553819291,7.251330512596095,0.17192783382330531,6.185594617533342,-0.00022388165852753404,-2.5991959167425347,0.041739879870071606
1069,1.0,2457260.0,23.169642105286705,27.749737842381027,-2.5609035613508273,-0.7990858762594321,0.7789254483523226,0.01006432332908427,6.091523913106581,-0.1053433553819291,7.251330512596095,0.17192783382330531,6.185594617533342,-0.00022388165852753404,-2.5991959167425347,0.041739879870071606
1070,1.0,2456970.0,29.525740310345643,8.726725496589511,0.5131402169887745,-0.3781556618026093,1.2131649027135765,-0.09996482496817141,6.091523913106581,-0.1053433553819291,7.251330512596095,0.17192783382330531,6.185594617533342,-0.00022388165852753404,-2.5991959167425347,0.041739879870071606
1071,1.0,2457090.0,46.660788706276875,-0.6637089939618761,-1.3379771153638158,0.053697849219872126,0.8874230821119234,0.025239094217962155,6.091523913106581,-0.1053433553819291,7.251330512596095,0.17192783382330531,6.185594617533342,-0.00022388165852753404,-2.5991959167425347,0.041739879870071606
1072,1.0,2457300.0,23.20452547523442,29.705327969993277,-4.00370556210953,-0.8290406280114929,0.6707900298411915,-0.3011916904768066,6.091523913106581,-0.1053433553819291,7.251330512596095,0.17192783382330531,6.185594617533342,-0.00022388165852753404,-2.5991959167425347,0.041739879870071606
1073,1.0,2456940.0,8.184075690431325,-43.32002835057813,1.8474310436054084,0.9166256916395388,0.2235173345927573,-0.057276811660668496,6.091523913106581,-0.1053433553819291,7.251330512596095,0.17192783382330531,6.185594617533342,-0.00022388165852753404,-2.5991959167425347,0.041739879870071606
1074,1.0,2457760.0,31.802692792991795,2.9060990056687253,-16.059686055575902,-0.2247610696400751,1.1099181418945074,-0.08129490856984005,6.091523913106581,-0.1053433553819291,7.251330512596095,0.17192783382330531,6.185594617533342,-0.00022388165852753404,-2.5991959167425347,0.041739879870071606
1075,1.0,2457200.0,29.687817896254096,24.76991307884802,-11.777328566699122,-0.4952563527696628,0.8031836663867948,0.3237877869446557,6.091523913106581,-0.1053433553819291,7.251330512596095,0.17192783382330531,6.185594617533342,-0.00022388165852753404,-2.5991959167425347,0.041739879870071606
1076,1.0,2457280.0,36.4039524736074,-24.228597238466214,-3.2168212575992112,0.6090537904540653,0.7518658587345873,-0.043485195975699144,6.091523913106581,-0.1053433553819291,7.251330512596095,0.17192783382330531,6.185594617533342,-0.00022388165852753404,-2.5991959167425347,0.041739879870071606
1077,1.0,2457670.0,29.00751437146529,19.27979105733904,-11.55523726151589,-0.4247064292813551,1.0243614365856855,0.32792464276461425,6.091523913106581,-0.1053433553819291,7.251330512596095,0.17192783382330531,6.185594617533342,-0.00022388165852753404,-2.5991959167425347,0.041739879870071606
1078,1.0,2457050.0,21.597782195942184,17.184906332605003,-7.687758080340494,-0.812770881412253,1.0225645148505227,0.23067341621223797,6.091523913106581,-0.1053433553819291,7.251330512596095,0.17192783382330531,6.185594617533342,-0.00022388165852753404,-2.5991959167425347,0.041739879870071606
1079,1.0,2457110.0,26.827486083173653,16.56071506598048,-10.401618135740849,-0.5008596969542177,0.8995533283389819,0.07306607556504736,6.091523913106581,-0.1053433553819291,7.251330512596095,0.17192783382330531,6.185594617533342,-0.00022388165852753404,-2.5991959167425347,0.041739879870071606
1080,1.0,2457680.0,29.482038399764154,18.90624696273079,-12.12581875208427,-0.5920599139565969,0.902464182632261,0.06635643858744916,6.091523913106581,-0.1053433553819291,7.251330512596095,0.17192783382330531,6.185594617533342,-0.00022388165852753404,-2.5991959167425347,0.041739879870071606
1081,1.0,2457930.0,39.240205609254076,-0.16513800671822798,-6.3219448010780965,-0.07911818394170914,0.9274135778197096,-0.47503539391598065,6.091523913106581,-0.1053433553819291,7.251330512596095,0.17192783382330531,6.185594617533342,-0.00022388165852753404,-2.5991959167425347,0.041739879870071606
1082,1.0,2458030.0,35.162286523623145,7.418642316147103,-9.283512229216058,-0.08622678875057097,0.9754088338683675,0.3729637879189425,6.091523913106581,-0.1053433553819291,7.251330512596095,0.17192783382330531,6.185594617533342,-0.00022388165852753404,-2.5991959167425347,0.041739879870071606
1083,1.0,2456840.0,11.832047579869037,36.116955095519685,-0.9268445239149754,-0.9518220466758253,0.24632410504235216,0.1755917676200129,6.091523913106581,-0.1053433553819291,7.251330512596095,0.17192783382330531,6.185594617533342,-0.00022388165852753404,-2.5991959167425347,0.041739879870071606
1084,1.0,2456890.0,41.97000954672087,13.98290888641534,3.477900407952393,-0.35175766462184793,0.8460589215197251,0.07153425864493262,6.091523913106581,-0.1053433553819291,7.251330512596095,0.17192783382330531,6.185594617533342,-0.00022388165852753404,-2.5991959167425347,0.041739879870071606
1085,1.0,2457070.0,15.317317441638448,28.376367493503096,-4.553554136468805,-1.0851478833180743,0.478429260382865,0.1258217892368773,6.091523913106581,-0.1053433553819291,7.251330512596095,0.17192783382330531,6.185594617533342,-0.00022388165852753404,-2.5991959167425347,0.041739879870071606
1086,1.0,2457370.0,28.482693649784235,33.867580944374495,-6.323259037693512,-0.6094427547738588,0.64254792167329,-0.2580890126099656,6.091523913106581,-0.1053433553819291,7.251330512596095,0.17192783382330531,6.185594617533342,-0.00022388165852753404,-2.5991959167425347,0.041739879870071606
1087,1.0,2457010.0,25.31518060455466,11.936371332927806,-2.633507285394285,-0.510929940214204,1.2311517646256398,0.17528855564552004,6.091523913106581,-0.1053433553819291,7.251330512596095,0.17192783382330531,6.185594617533342,-0.00022388165852753404,-2.5991959167425347,0.041739879870071606
1088,1.0,2457670.0,28.629304398086393,16.94507001122586,-13.09731108424331,-0.7553396902012665,0.7458951222565621,-0.39528464464013074,6.091523913106581,-0.1053433553819291,7.251330512596095,0.17192783382330531,6.185594617533342,-0.00022388165852753404,-2.5991959167425347,0.041739879870071606
1089,1.0,2457460.0,33.97478534698537,26.10457634557831,-11.845936563700388,-0.3478303183490523,0.7778116215231341,0.36183252009834765,6.091523913106581,-0.1053433553819291,7.251330512596095,0.17192783382330531,6.185594617533342,-0.00022388165852753404,-2.5991959167425347,0.041739879870071606
1090,0.0,0.0,0.0,0.0,0.0,0.0,0.0,0.0,6.091523913106581,-0.1053433553819291,7.251330512596095,0.17192783382330531,6.185594617533342,-0.00022388165852753404,-2.5991959167425347,0.041739879870071606
1091,1.0,2457170.0,29.558406510352732,24.802254898725163,-0.07705434879381556,-0.6190471604811447,0.8359881061008347,-0.1701316769865869,6.091523913106581,-0.1053433553819291,7.251330512596095,0.17192783382330531,6.185594617533342,-0.00022388165852753404,-2.5991959167425347,0.041739879870071606
1092,1.0,2457460.0,-18.60198124101972,37.15279925660608,0.7207688231418286,-0.9101365412575585,-0.424410046776775,0.0144851687049629,6.091523913106581,-0.1053433553819291,7.251330512596095,0.17192783382330531,6.185594617533342,-0.00022388165852753404,-2.5991959167425347,0.041739879870071606
1093,1.0,2457590.0,-18.856162649812198,38.984889433050654,1.1422847209986702,-0.8588341103749788,-0.4120067294501755,0.012912499350266008,6.091523913106581,-0.1053433553819291,7.251330512596095,0.17192783382330531,6.185594617533342,-0.00022388165852753404,-2.5991959167425347,0.041739879870071606
1094,1.0,2457510.0,31.843619309830142,19.36454364763921,-15.545772431321865,-0.5074609037388991,0.8277897708424491,-0.34503631322113937,6.091523913106581,-0.1053433553819291,7.251330512596095,0.17192783382330531,6.185594617533342,-0.00022388165852753404,-2.5991959167425347,0.041739879870071606
1095,1.0,2457540.0,27.487626416976894,-24.698204739543208,-22.1217918407138,0.5815179610438038,0.7039754745643894,-0.14369788959492388,6.091523913106581,-0.1053433553819291,7.251330512596095,0.17192783382330531,6.185594617533342,-0.00022388165852753404,-2.5991959167425347,0.041739879870071606
1096,1.0,2456980.0,28.35172288777006,22.95841976015746,-10.08892652904192,-0.5918454864950861,0.8603353146189657,0.1482476187948252,6.091523913106581,-0.1053433553819291,7.251330512596095,0.17192783382330531,6.185594617533342,-0.00022388165852753404,-2.5991959167425347,0.041739879870071606
1097,1.0,2457130.0,29.38363121519628,30.718225029624158,-0.607329158127672,-0.6915058210590512,0.6777633300504692,0.0077528433621286055,6.091523913106581,-0.1053433553819291,7.251330512596095,0.17192783382330531,6.185594617533342,-0.00022388165852753404,-2.5991959167425347,0.041739879870071606
1098,1.0,2457260.0,25.629384430058828,25.19579483603766,-5.645432915071377,-0.7802557445882121,0.6737276675262869,-0.3662589466838485,6.091523913106581,-0.1053433553819291,7.251330512596095,0.17192783382330531,6.185594617533342,-0.00022388165852753404,-2.5991959167425347,0.041739879870071606
1099,1.0,2457340.0,-21.00048713459995,48.596054770863184,9.73659173582008,-0.7146831124906623,-0.1992501197353678,-0.12245031143145584,6.091523913106581,-0.1053433553819291,7.251330512596095,0.17192783382330531,6.185594617533342,-0.00022388165852753404,-2.5991959167425347,0.041739879870071606
1100,1.0,2456900.0,40.10050798681454,18.710515582521886,1.8806589703473124,-0.28686570527563343,0.8869653457408346,0.049340792306099585,6.091523913106581,-0.1053433553819291,7.251330512596095,0.17192783382330531,6.185594617533342,-0.00022388165852753404,-2.5991959167425347,0.041739879870071606
1101,1.0,2456870.0,42.125804738830944,19.707130424853297,2.1670596234068356,-0.36674517733889633,0.8093108983114095,-0.05556710326534405,6.091523913106581,-0.1053433553819291,7.251330512596095,0.17192783382330531,6.185594617533342,-0.00022388165852753404,-2.5991959167425347,0.041739879870071606
1102,1.0,2457250.0,37.85864956785652,23.517491734647358,-13.926143364162595,-0.6141337471190651,0.604000319161355,-0.2784064952318459,6.091523913106581,-0.1053433553819291,7.251330512596095,0.17192783382330531,6.185594617533342,-0.00022388165852753404,-2.5991959167425347,0.041739879870071606
1103,1.0,2457250.0,14.85318511959494,36.2826954902989,-12.150726405970405,-0.9396372104677079,0.26121232989003706,-0.0809509361971705,6.091523913106581,-0.1053433553819291,7.251330512596095,0.17192783382330531,6.185594617533342,-0.00022388165852753404,-2.5991959167425347,0.041739879870071606
1104,1.0,2457060.0,16.85933067570852,43.47995216580549,1.2506295618628673,-0.8410800475621043,0.314022300475178,0.018542831918533693,6.091523913106581,-0.1053433553819291,7.251330512596095,0.17192783382330531,6.185594617533342,-0.00022388165852753404,-2.5991959167425347,0.041739879870071606
1105,1.0,2457430.0,16.710683794889857,36.36122736122216,-0.1419786102987617,-1.0097896075493245,0.35975015547649086,-0.2008582715614007,6.091523913106581,-0.1053433553819291,7.251330512596095,0.17192783382330531,6.185594617533342,-0.00022388165852753404,-2.5991959167425347,0.041739879870071606
1106,1.0,2457780.0,33.062561886311734,31.14987788697899,8.831254644769217,-0.7101356298572779,0.5948900305240045,-0.005938203409283074,6.091523913106581,-0.1053433553819291,7.251330512596095,0.17192783382330531,6.185594617533342,-0.00022388165852753404,-2.5991959167425347,0.041739879870071606
1107,1.0,2456940.0,17.461717625828324,30.68740192783074,-0.8764263589487069,-1.0118283230478193,0.6210795772779296,0.07392441038191196,6.091523913106581,-0.1053433553819291,7.251330512596095,0.17192783382330531,6.185594617533342,-0.00022388165852753404,-2.5991959167425347,0.041739879870071606
1108,1.0,2457390.0,13.34597694625661,26.50468449316304,-7.861020210947453,-1.1441221132512418,0.5100776178985327,-0.06702132420980182,6.091523913106581,-0.1053433553819291,7.251330512596095,0.17192783382330531,6.185594617533342,-0.00022388165852753404,-2.5991959167425347,0.041739879870071606
1109,1.0,2457430.0,17.264053242351032,38.75323314553705,0.8810651740595299,-0.759912713089656,0.3302546702301388,-0.45189987508330237,6.091523913106581,-0.1053433553819291,7.251330512596095,0.17192783382330531,6.185594617533342,-0.00022388165852753404,-2.5991959167425347,0.041739879870071606
1110,1.0,2457200.0,-39.79915407587295,15.286022171473295,1.400443046672997,-0.39168077306960036,-0.897568364301399,0.04131446077499085,6.091523913106581,-0.1053433553819291,7.251330512596095,0.17192783382330531,6.185594617533342,-0.00022388165852753404,-2.5991959167425347,0.041739879870071606
1111,1.0,2457160.0,-42.54085261785234,15.063275686520658,1.4073235232743926,-0.34805118928590023,-0.8739737672796932,0.02091105157516966,6.091523913106581,-0.1053433553819291,7.251330512596095,0.17192783382330531,6.185594617533342,-0.00022388165852753404,-2.5991959167425347,0.041739879870071606
1112,1.0,2457090.0,4.288833754899509,29.192944810160263,-9.648931587220591,-1.2401653725908681,-0.03260854667036748,-0.0993940389372707,6.091523913106581,-0.1053433553819291,7.251330512596095,0.17192783382330531,6.185594617533342,-0.00022388165852753404,-2.5991959167425347,0.041739879870071606
1113,1.0,2457300.0,25.403672025820935,33.74744826875758,-0.5139307948022347,-0.8067638341679673,0.561854034847734,-0.019068285157423908,6.091523913106581,-0.1053433553819291,7.251330512596095,0.17192783382330531,6.185594617533342,-0.00022388165852753404,-2.5991959167425347,0.041739879870071606
1114,1.0,2457140.0,21.778649041886496,36.4966037562411,-4.654624042762576,-0.810647895967884,0.5592623239959599,-0.06473547234454559,6.091523913106581,-0.1053433553819291,7.251330512596095,0.17192783382330531,6.185594617533342,-0.00022388165852753404,-2.5991959167425347,0.041739879870071606
1115,1.0,2457290.0,17.280510264274895,24.243537962001653,-8.845810064968171,-0.9674298285382675,0.6412483668216353,-0.4400259845009185,6.091523913106581,-0.1053433553819291,7.251330512596095,0.17192783382330531,6.185594617533342,-0.00022388165852753404,-2.5991959167425347,0.041739879870071606
1116,1.0,2457620.0,17.21307374968248,37.45323118834739,-14.571796090922707,-0.7895107553839361,0.48969667978951126,0.11467236631939987,6.091523913106581,-0.1053433553819291,7.251330512596095,0.17192783382330531,6.185594617533342,-0.00022388165852753404,-2.5991959167425347,0.041739879870071606
1117,1.0,2457000.0,13.288969881859458,32.208764413145026,-10.81230684360848,-0.9011843157824524,0.5777857071468323,-0.11670488139361655,6.091523913106581,-0.1053433553819291,7.251330512596095,0.17192783382330531,6.185594617533342,-0.00022388165852753404,-2.5991959167425347,0.041739879870071606
1118,1.0,2457780.0,-22.156804935085358,34.568946331849844,9.72763788218155,-0.863628513802497,-0.4159480863689884,0.24376757042418892,6.091523913106581,-0.1053433553819291,7.251330512596095,0.17192783382330531,6.185594617533342,-0.00022388165852753404,-2.5991959167425347,0.041739879870071606
1119,1.0,2457240.0,-22.035925773500868,33.009686863515164,6.026042905081145,-0.7012163761343065,-0.6826329705420898,0.3101344174617454,6.091523913106581,-0.1053433553819291,7.251330512596095,0.17192783382330531,6.185594617533342,-0.00022388165852753404,-2.5991959167425347,0.041739879870071606
1120,1.0,2457190.0,25.385064582591024,46.47406808847259,4.771256958109586,-0.7964369217695644,0.2163866133048598,0.1776260294687842,6.091523913106581,-0.1053433553819291,7.251330512596095,0.17192783382330531,6.185594617533342,-0.00022388165852753404,-2.5991959167425347,0.041739879870071606
1121,1.0,2457150.0,-37.32395693790817,17.753671558496467,-4.3608056227752465,-0.37166254753985173,-0.9115847423937352,-0.05911478357264879,6.091523913106581,-0.1053433553819291,7.251330512596095,0.17192783382330531,6.185594617533342,-0.00022388165852753404,-2.5991959167425347,0.041739879870071606
1122,1.0,2457300.0,-37.39920357536951,13.84347381414508,2.0233627837576638,-0.36010008545187994,-0.9772145725901389,0.04318352144974974,6.091523913106581,-0.1053433553819291,7.251330512596095,0.17192783382330531,6.185594617533342,-0.00022388165852753404,-2.5991959167425347,0.041739879870071606
1123,1.0,2456970.0,13.183083162768735,30.1269390268089,-0.2246835884856555,-1.112678215849464,0.3807146762321967,0.1385484418458658,6.091523913106581,-0.1053433553819291,7.251330512596095,0.17192783382330531,6.185594617533342,-0.00022388165852753404,-2.5991959167425347,0.041739879870071606
1124,1.0,2457380.0,-5.88972761127426,41.87914406036849,3.2167628274620803,-0.9813396397397681,-0.080779718414741,0.12761376645067682,6.091523913106581,-0.1053433553819291,7.251330512596095,0.17192783382330531,6.185594617533342,-0.00022388165852753404,-2.5991959167425347,0.041739879870071606
1125,1.0,2457060.0,15.390590396158267,30.599057451433282,-0.9152500663874477,-0.9410821924893347,0.6295822252730598,0.15560304845395903,6.091523913106581,-0.1053433553819291,7.251330512596095,0.17192783382330531,6.185594617533342,-0.00022388165852753404,-2.5991959167425347,0.041739879870071606
1126,1.0,2457270.0,-8.775810068619274,42.37014886796596,6.548740313258914,-0.8534283148240289,-0.2684827412800185,0.0612191722751389,6.091523913106581,-0.1053433553819291,7.251330512596095,0.17192783382330531,6.185594617533342,-0.00022388165852753404,-2.5991959167425347,0.041739879870071606
1127,1.0,2457130.0,-37.09235073723725,25.090680640244386,2.8190496615329668,-0.5272849762891573,-0.6156613242043397,-0.32898688798949083,6.091523913106581,-0.1053433553819291,7.251330512596095,0.17192783382330531,6.185594617533342,-0.00022388165852753404,-2.5991959167425347,0.041739879870071606
1128,1.0,2456690.0,2.903208659921704,28.55791691753678,-4.428748653179259,-1.2919129490184107,0.16614050861595508,-0.1625268372685135,6.091523913106581,-0.1053433553819291,7.251330512596095,0.17192783382330531,6.185594617533342,-0.00022388165852753404,-2.5991959167425347,0.041739879870071606
1129,1.0,2456900.0,18.274240880844168,38.79360364681846,-0.6723308978923457,-0.8904668269042033,0.3978609959762988,0.044318003765140314,6.091523913106581,-0.1053433553819291,7.251330512596095,0.17192783382330531,6.185594617533342,-0.00022388165852753404,-2.5991959167425347,0.041739879870071606
1130,1.0,2457120.0,17.73129617714774,30.23922538187182,-6.4057172630201995,-0.9977403359959298,0.6087365216086826,-0.1415776157086536,6.091523913106581,-0.1053433553819291,7.251330512596095,0.17192783382330531,6.185594617533342,-0.00022388165852753404,-2.5991959167425347,0.041739879870071606
1131,1.0,2457470.0,29.8828570920859,34.91828257970733,5.056819583047896,-0.6465261002424607,0.6583424314068589,-0.15679122966201522,6.091523913106581,-0.1053433553819291,7.251330512596095,0.17192783382330531,6.185594617533342,-0.00022388165852753404,-2.5991959167425347,0.041739879870071606
1132,1.0,2457170.0,6.527356801507645,38.433123775976284,-12.795509128774437,-0.9818411340506651,0.055762387515986375,-0.09957491809635284,6.091523913106581,-0.1053433553819291,7.251330512596095,0.17192783382330531,6.185594617533342,-0.00022388165852753404,-2.5991959167425347,0.041739879870071606
1133,1.0,2457130.0,20.864666522731337,31.29364798109716,-9.102622873006545,-0.8752352658265248,0.5178156338496436,-0.40182385507015733,6.091523913106581,-0.1053433553819291,7.251330512596095,0.17192783382330531,6.185594617533342,-0.00022388165852753404,-2.5991959167425347,0.041739879870071606
1134,1.0,2456580.0,9.730689740846499,45.57424053365604,-9.29776203904544,-0.7809347072784951,0.27314047765971927,0.23580274034534965,6.091523913106581,-0.1053433553819291,7.251330512596095,0.17192783382330531,6.185594617533342,-0.00022388165852753404,-2.5991959167425347,0.041739879870071606
1135,1.0,2457440.0,-30.348431125942497,20.627522018133487,1.0742850885522128,-0.6502364775391367,-0.8708997346361425,-0.22642782495559263,6.091523913106581,-0.1053433553819291,7.251330512596095,0.17192783382330531,6.185594617533342,-0.00022388165852753404,-2.5991959167425347,0.041739879870071606
1136,1.0,2457250.0,-38.8798323383395,20.743000548477728,-4.880115544684326,-0.27317728393383534,-0.8927583498247188,-0.1358692967303011,6.091523913106581,-0.1053433553819291,7.251330512596095,0.17192783382330531,6.185594617533342,-0.00022388165852753404,-2.5991959167425347,0.041739879870071606
1137,1.0,2457290.0,-31.666874363684734,28.447281480585815,-11.134684759806841,-0.5753361938354735,-0.6925662218321773,-0.09149417650778958,6.091523913106581,-0.1053433553819291,7.251330512596095,0.17192783382330531,6.185594617533342,-0.00022388165852753404,-2.5991959167425347,0.041739879870071606
1138,1.0,2457620.0,-44.009586817286575,4.8450116825655805,3.3516921645599753,0.007260074786802647,-0.8440834336514529,-0.3891566873320275,6.091523913106581,-0.1053433553819291,7.251330512596095,0.17192783382330531,6.185594617533342,-0.00022388165852753404,-2.5991959167425347,0.041739879870071606
1139,1.0,2457560.0,-22.95699327116046,24.779791845503265,-14.218757488868379,-0.9238695704739884,-0.5650801675233476,0.23627027770741055,6.091523913106581,-0.1053433553819291,7.251330512596095,0.17192783382330531,6.185594617533342,-0.00022388165852753404,-2.5991959167425347,0.041739879870071606
1140,1.0,2457020.0,20.59655689016404,24.47053634933247,-0.435971778628879,-0.8950144764976621,0.8018977741167289,-0.15423537504271023,6.091523913106581,-0.1053433553819291,7.251330512596095,0.17192783382330531,6.185594617533342,-0.00022388165852753404,-2.5991959167425347,0.041739879870071606
1141,1.0,2457070.0,12.062051841174492,32.726191987482736,0.43578442835162634,-1.0946063759010058,0.2431273280684192,-0.09326079691770549,6.091523913106581,-0.1053433553819291,7.251330512596095,0.17192783382330531,6.185594617533342,-0.00022388165852753404,-2.5991959167425347,0.041739879870071606
1142,1.0,2458060.0,47.8342465871884,8.123103033587535,-22.580542023530093,-0.2619167920227096,0.7340889125735462,-0.1702534543096932,6.091523913106581,-0.1053433553819291,7.251330512596095,0.17192783382330531,6.185594617533342,-0.00022388165852753404,-2.5991959167425347,0.041739879870071606
1143,1.0,2457520.0,-39.80668142037031,5.35715595581906,14.20371501183093,-0.06783753790157392,-0.9632377486350654,-0.2773838993932621,6.091523913106581,-0.1053433553819291,7.251330512596095,0.17192783382330531,6.185594617533342,-0.00022388165852753404,-2.5991959167425347,0.041739879870071606
1144,1.0,2457590.0,-17.348337596957002,33.31316519581088,4.776429497614709,-0.7925449262432815,-0.5225331146876161,0.48834423620645556,6.091523913106581,-0.1053433553819291,7.251330512596095,0.17192783382330531,6.185594617533342,-0.00022388165852753404,-2.5991959167425347,0.041739879870071606
1145,1.0,2457190.0,-8.936735762771969,32.41758542017381,3.668376871447959,-1.1017481838227914,-0.10142644214719765,-0.33513425545450654,6.091523913106581,-0.1053433553819291,7.251330512596095,0.17192783382330531,6.185594617533342,-0.00022388165852753404,-2.5991959167425347,0.041739879870071606
1146,1.0,2457110.0,-18.813149949043638,28.928871320764888,4.125212837889787,-1.0347993531267297,-0.4542815561771435,-0.02813411183931508,6.091523913106581,-0.1053433553819291,7.251330512596095,0.17192783382330531,6.185594617533342,-0.00022388165852753404,-2.5991959167425347,0.041739879870071606
1147,1.0,2457840.0,-37.77001668799093,6.3920783036697815,-19.301047722123986,-0.06457845939087029,-0.9605436542481259,0.08509451483256013,6.091523913106581,-0.1053433553819291,7.251330512596095,0.17192783382330531,6.185594617533342,-0.00022388165852753404,-2.5991959167425347,0.041739879870071606
1148,1.0,2457810.0,-30.08114065960632,26.30382229538184,17.96740883528188,-0.626784027659039,-0.7970990078350266,-0.2521590023874875,6.091523913106581,-0.1053433553819291,7.251330512596095,0.17192783382330531,6.185594617533342,-0.00022388165852753404,-2.5991959167425347,0.041739879870071606
1149,1.0,2457600.0,-40.89721779692736,9.096542357400825,12.026033811198657,-0.11056478612820766,-0.9177827840962114,-0.14442997898529694,6.091523913106581,-0.1053433553819291,7.251330512596095,0.17192783382330531,6.185594617533342,-0.00022388165852753404,-2.5991959167425347,0.041739879870071606
1150,1.0,2457050.0,-28.07564679509807,-12.964221473284411,1.197946528631051,0.4941809732211167,-1.1445810111477077,0.038840533848934,6.091523913106581,-0.1053433553819291,7.251330512596095,0.17192783382330531,6.185594617533342,-0.00022388165852753404,-2.5991959167425347,0.041739879870071606
1151,1.0,2457330.0,-38.238079216185945,8.441068532013697,-7.773875857010864,-0.06461281056879446,-0.8348238276462399,-0.517863916470479,6.091523913106581,-0.1053433553819291,7.251330512596095,0.17192783382330531,6.185594617533342,-0.00022388165852753404,-2.5991959167425347,0.041739879870071606
1152,1.0,2457420.0,-35.165512102760246,2.795593447812124,-5.467280215029366,0.040335731590211525,-1.0641668289044581,0.02776231657618123,6.091523913106581,-0.1053433553819291,7.251330512596095,0.17192783382330531,6.185594617533342,-0.00022388165852753404,-2.5991959167425347,0.041739879870071606
1153,1.0,2457300.0,-16.933947876879344,33.45644732810585,4.130612714069329,-0.8771713400865615,-0.5480290325888302,-0.42127107655030266,6.091523913106581,-0.1053433553819291,7.251330512596095,0.17192783382330531,6.185594617533342,-0.00022388165852753404,-2.5991959167425347,0.041739879870071606
1154,1.0,2457210.0,-34.738931298624834,20.12313012389145,1.0246374357875547,-0.3454606327642519,-0.9924554453395308,-0.14126915270844595,6.091523913106581,-0.1053433553819291,7.251330512596095,0.17192783382330531,6.185594617533342,-0.00022388165852753404,-2.5991959167425347,0.041739879870071606
1155,1.0,2457130.0,-40.263360881447916,-7.020464507751478,7.2910454986071915,0.0019636846485674903,-1.0003971128379434,0.04535374667002759,6.091523913106581,-0.1053433553819291,7.251330512596095,0.17192783382330531,6.185594617533342,-0.00022388165852753404,-2.5991959167425347,0.041739879870071606
1156,1.0,2457490.0,-38.413347833026634,14.401640674374693,-10.955155332844729,-0.3504809310270043,-0.8832222433961698,-0.10514573695946676,6.091523913106581,-0.1053433553819291,7.251330512596095,0.17192783382330531,6.185594617533342,-0.00022388165852753404,-2.5991959167425347,0.041739879870071606
1157,1.0,2457230.0,-36.00854632927785,-21.284167908606662,5.62057510432779,0.460422577306797,-0.8693529338909355,-0.039361220705204994,6.091523913106581,-0.1053433553819291,7.251330512596095,0.17192783382330531,6.185594617533342,-0.00022388165852753404,-2.5991959167425347,0.041739879870071606
1158,1.0,2457180.0,-27.45898010753945,-16.122802464116674,3.2920556508235586,0.5375350007845278,-1.1133754303591599,-0.2025786130663355,6.091523913106581,-0.1053433553819291,7.251330512596095,0.17192783382330531,6.185594617533342,-0.00022388165852753404,-2.5991959167425347,0.041739879870071606
1159,1.0,2457210.0,-31.855867905493128,32.323957688427654,0.8391596357126758,-0.6821369699234499,-0.6310420268940882,0.023940515233656146,6.091523913106581,-0.1053433553819291,7.251330512596095,0.17192783382330531,6.185594617533342,-0.00022388165852753404,-2.5991959167425347,0.041739879870071606
1160,1.0,2457330.0,-26.873465763786335,26.228478920487785,6.021658639639774,-0.7699081458202104,-0.7809892598118248,-0.029683038109805934,6.091523913106581,-0.1053433553819291,7.251330512596095,0.17192783382330531,6.185594617533342,-0.00022388165852753404,-2.5991959167425347,0.041739879870071606
1161,1.0,2457680.0,-31.91837475689413,-37.1344184102189,-0.9158191657357517,0.7486148331573633,-0.4325174177007248,-0.16690242878307546,6.091523913106581,-0.1053433553819291,7.251330512596095,0.17192783382330531,6.185594617533342,-0.00022388165852753404,-2.5991959167425347,0.041739879870071606
1162,1.0,2457280.0,-25.33966495593364,27.281630804468215,4.978612509157404,-0.7044751874879699,-0.7430221457946232,-0.33253984075802756,6.091523913106581,-0.1053433553819291,7.251330512596095,0.17192783382330531,6.185594617533342,-0.00022388165852753404,-2.5991959167425347,0.041739879870071606
1163,1.0,2457800.0,-33.334018211004924,-18.431840092124006,13.735705095782144,0.36528619632198917,-0.7828995980986456,-0.5219759273099273,6.091523913106581,-0.1053433553819291,7.251330512596095,0.17192783382330531,6.185594617533342,-0.00022388165852753404,-2.5991959167425347,0.041739879870071606
1164,0.0,0.0,0.0,0.0,0.0,0.0,0.0,0.0,6.091523913106581,-0.1053433553819291,7.251330512596095,0.17192783382330531,6.185594617533342,-0.00022388165852753404,-2.5991959167425347,0.041739879870071606
1165,0.0,0.0,0.0,0.0,0.0,0.0,0.0,0.0,6.091523913106581,-0.1053433553819291,7.251330512596095,0.17192783382330531,6.185594617533342,-0.00022388165852753404,-2.5991959167425347,0.041739879870071606
1166,0.0,0.0,0.0,0.0,0.0,0.0,0.0,0.0,6.091523913106581,-0.1053433553819291,7.251330512596095,0.17192783382330531,6.185594617533342,-0.00022388165852753404,-2.5991959167425347,0.041739879870071606
1167,0.0,0.0,0.0,0.0,0.0,0.0,0.0,0.0,6.091523913106581,-0.1053433553819291,7.251330512596095,0.17192783382330531,6.185594617533342,-0.00022388165852753404,-2.5991959167425347,0.041739879870071606
1168,0.0,0.0,0.0,0.0,0.0,0.0,0.0,0.0,6.091523913106581,-0.1053433553819291,7.251330512596095,0.17192783382330531,6.185594617533342,-0.00022388165852753404,-2.5991959167425347,0.041739879870071606
1169,0.0,0.0,0.0,0.0,0.0,0.0,0.0,0.0,6.091523913106581,-0.1053433553819291,7.251330512596095,0.17192783382330531,6.185594617533342,-0.00022388165852753404,-2.5991959167425347,0.041739879870071606
1170,0.0,0.0,0.0,0.0,0.0,0.0,0.0,0.0,6.091523913106581,-0.1053433553819291,7.251330512596095,0.17192783382330531,6.185594617533342,-0.00022388165852753404,-2.5991959167425347,0.041739879870071606
1171,0.0,0.0,0.0,0.0,0.0,0.0,0.0,0.0,6.091523913106581,-0.1053433553819291,7.251330512596095,0.17192783382330531,6.185594617533342,-0.00022388165852753404,-2.5991959167425347,0.041739879870071606
1172,0.0,0.0,0.0,0.0,0.0,0.0,0.0,0.0,6.091523913106581,-0.1053433553819291,7.251330512596095,0.17192783382330531,6.185594617533342,-0.00022388165852753404,-2.5991959167425347,0.041739879870071606
1173,0.0,0.0,0.0,0.0,0.0,0.0,0.0,0.0,6.091523913106581,-0.1053433553819291,7.251330512596095,0.17192783382330531,6.185594617533342,-0.00022388165852753404,-2.5991959167425347,0.041739879870071606
1174,0.0,0.0,0.0,0.0,0.0,0.0,0.0,0.0,6.091523913106581,-0.1053433553819291,7.251330512596095,0.17192783382330531,6.185594617533342,-0.00022388165852753404,-2.5991959167425347,0.041739879870071606
1175,0.0,0.0,0.0,0.0,0.0,0.0,0.0,0.0,6.091523913106581,-0.1053433553819291,7.251330512596095,0.17192783382330531,6.185594617533342,-0.00022388165852753404,-2.5991959167425347,0.041739879870071606
1176,0.0,0.0,0.0,0.0,0.0,0.0,0.0,0.0,6.091523913106581,-0.1053433553819291,7.251330512596095,0.17192783382330531,6.185594617533342,-0.00022388165852753404,-2.5991959167425347,0.041739879870071606
1177,0.0,0.0,0.0,0.0,0.0,0.0,0.0,0.0,6.091523913106581,-0.1053433553819291,7.251330512596095,0.17192783382330531,6.185594617533342,-0.00022388165852753404,-2.5991959167425347,0.041739879870071606
1178,0.0,0.0,0.0,0.0,0.0,0.0,0.0,0.0,6.091523913106581,-0.1053433553819291,7.251330512596095,0.17192783382330531,6.185594617533342,-0.00022388165852753404,-2.5991959167425347,0.041739879870071606
1179,0.0,0.0,0.0,0.0,0.0,0.0,0.0,0.0,6.091523913106581,-0.1053433553819291,7.251330512596095,0.17192783382330531,6.185594617533342,-0.00022388165852753404,-2.5991959167425347,0.041739879870071606
1180,0.0,0.0,0.0,0.0,0.0,0.0,0.0,0.0,6.091523913106581,-0.1053433553819291,7.251330512596095,0.17192783382330531,6.185594617533342,-0.00022388165852753404,-2.5991959167425347,0.041739879870071606
1181,0.0,0.0,0.0,0.0,0.0,0.0,0.0,0.0,6.091523913106581,-0.1053433553819291,7.251330512596095,0.17192783382330531,6.185594617533342,-0.00022388165852753404,-2.5991959167425347,0.041739879870071606
1182,0.0,0.0,0.0,0.0,0.0,0.0,0.0,0.0,6.091523913106581,-0.1053433553819291,7.251330512596095,0.17192783382330531,6.185594617533342,-0.00022388165852753404,-2.5991959167425347,0.041739879870071606
1183,0.0,0.0,0.0,0.0,0.0,0.0,0.0,0.0,6.091523913106581,-0.1053433553819291,7.251330512596095,0.17192783382330531,6.185594617533342,-0.00022388165852753404,-2.5991959167425347,0.041739879870071606
1184,0.0,0.0,0.0,0.0,0.0,0.0,0.0,0.0,6.091523913106581,-0.1053433553819291,7.251330512596095,0.17192783382330531,6.185594617533342,-0.00022388165852753404,-2.5991959167425347,0.041739879870071606
1185,0.0,0.0,0.0,0.0,0.0,0.0,0.0,0.0,6.091523913106581,-0.1053433553819291,7.251330512596095,0.17192783382330531,6.185594617533342,-0.00022388165852753404,-2.5991959167425347,0.041739879870071606
